match_year,match_round,team,team_rank,team_points,team_goal_difference,team_goal_fatti,team_goal_subiti
2018,2,Liverpool,1,3,4,4,0
2018,2,Chelsea,2,3,3,3,0
2018,2,Man City,3,3,2,2,0
2018,2,Crystal Palace,4,3,2,2,0
2018,2,Bournemouth,5,3,2,2,0
2018,2,Watford,6,3,2,2,0
2018,2,Man Utd,7,3,1,2,1
2018,2,Spurs,8,3,1,2,1
2018,2,Everton,9,1,0,2,2
2018,2,Wolves,10,1,0,2,2
2018,2,Burnley,11,1,0,0,0
2018,2,Southampton,12,1,0,0,0
2018,2,Leicester,13,0,-1,1,2
2018,2,Newcastle,14,0,-1,1,2
2018,2,Arsenal,15,0,-2,0,2
2018,2,Brighton,16,0,-2,0,2
2018,2,Cardiff,17,0,-2,0,2
2018,2,Fulham,18,0,-2,0,2
2018,2,Huddersfield,19,0,-3,0,3
2018,2,West Ham,20,0,-4,0,4
2018,3,Man City,1,6,7,8,1
2018,3,Liverpool,2,6,6,6,0
2018,3,Chelsea,3,6,4,6,2
2018,3,Watford,4,6,4,5,1
2018,3,Spurs,5,6,3,5,2
2018,3,Bournemouth,6,6,3,4,1
2018,3,Everton,7,4,1,4,3
2018,3,Leicester,8,3,1,3,2
2018,3,Man Utd,9,3,0,4,4
2018,3,Crystal Palace,10,3,0,2,2
2018,3,Brighton,11,3,-1,3,4
2018,3,Newcastle,12,1,-1,1,2
2018,3,Southampton,13,1,-1,1,2
2018,3,Wolves,14,1,-2,2,4
2018,3,Burnley,15,1,-2,1,3
2018,3,Cardiff,16,1,-2,0,2
2018,3,Arsenal,17,0,-3,2,5
2018,3,Fulham,18,0,-4,1,5
2018,3,West Ham,19,0,-5,1,6
2018,3,Huddersfield,20,0,-8,1,9
2018,4,Liverpool,1,9,7,7,0
2018,4,Spurs,2,9,6,8,2
2018,4,Chelsea,3,9,5,8,3
2018,4,Watford,4,9,5,7,2
2018,4,Man City,5,7,7,9,2
2018,4,Bournemouth,6,7,3,6,3
2018,4,Leicester,7,6,2,5,3
2018,4,Everton,8,5,1,6,5
2018,4,Arsenal,9,3,-1,5,6
2018,4,Crystal Palace,10,3,-1,3,4
2018,4,Fulham,11,3,-2,5,7
2018,4,Brighton,12,3,-2,3,5
2018,4,Man Utd,13,3,-3,4,7
2018,4,Wolves,14,2,-2,3,5
2018,4,Cardiff,15,2,-2,0,2
2018,4,Newcastle,16,1,-2,2,4
2018,4,Southampton,17,1,-2,2,4
2018,4,Burnley,18,1,-4,3,7
2018,4,Huddersfield,19,1,-8,1,9
2018,4,West Ham,20,0,-7,2,9
2018,5,Liverpool,1,12,8,9,1
2018,5,Chelsea,2,12,7,10,3
2018,5,Watford,3,12,6,9,3
2018,5,Man City,4,10,8,11,3
2018,5,Spurs,5,9,5,9,4
2018,5,Bournemouth,6,7,1,6,5
2018,5,Everton,7,6,1,7,6
2018,5,Leicester,8,6,1,6,5
2018,5,Arsenal,9,6,0,8,8
2018,5,Man Utd,10,6,-1,6,7
2018,5,Wolves,11,5,-1,4,5
2018,5,Southampton,12,4,0,4,4
2018,5,Fulham,13,4,-2,7,9
2018,5,Brighton,14,4,-2,5,7
2018,5,Crystal Palace,15,3,-3,3,6
2018,5,Cardiff,16,2,-3,2,5
2018,5,Huddersfield,17,2,-8,2,10
2018,5,Newcastle,18,1,-3,3,6
2018,5,Burnley,19,1,-6,3,9
2018,5,West Ham,20,0,-8,2,10
2018,6,Chelsea,1,15,10,14,4
2018,6,Liverpool,2,15,9,11,2
2018,6,Man City,3,13,11,14,3
2018,6,Watford,4,12,5,10,5
2018,6,Bournemouth,5,10,3,10,7
2018,6,Spurs,6,9,4,10,6
2018,6,Arsenal,7,9,1,10,9
2018,6,Man Utd,8,9,0,8,8
2018,6,Wolves,9,8,0,5,5
2018,6,Everton,10,6,-1,8,9
2018,6,Leicester,11,6,-1,8,9
2018,6,Crystal Palace,12,6,-2,4,6
2018,6,Southampton,13,5,0,6,6
2018,6,Brighton,14,5,-2,7,9
2018,6,Fulham,15,4,-5,7,12
2018,6,West Ham,16,3,-6,5,11
2018,6,Cardiff,17,2,-6,3,9
2018,6,Huddersfield,18,2,-9,2,11
2018,6,Newcastle,19,1,-4,4,8
2018,6,Burnley,20,1,-7,3,10
2018,7,Liverpool,1,18,12,14,2
2018,7,Man City,2,16,16,19,3
2018,7,Chelsea,3,16,10,14,4
2018,7,Watford,4,13,5,11,6
2018,7,Spurs,5,12,5,12,7
2018,7,Arsenal,6,12,3,12,9
2018,7,Man Utd,7,10,0,9,9
2018,7,Bournemouth,8,10,-1,10,11
2018,7,Leicester,9,9,1,11,10
2018,7,Wolves,10,9,0,6,6
2018,7,Crystal Palace,11,7,-2,4,6
2018,7,Everton,12,6,-3,8,11
2018,7,Brighton,13,5,-3,8,11
2018,7,Southampton,14,5,-3,6,9
2018,7,Fulham,15,5,-5,8,13
2018,7,Burnley,16,4,-3,7,10
2018,7,West Ham,17,4,-6,5,11
2018,7,Newcastle,18,2,-4,4,8
2018,7,Huddersfield,19,2,-11,3,14
2018,7,Cardiff,20,2,-11,3,14
2018,8,Man City,1,19,18,21,3
2018,8,Liverpool,2,19,12,15,3
2018,8,Chelsea,3,17,10,15,5
2018,8,Spurs,4,15,7,14,7
2018,8,Arsenal,5,15,5,14,9
2018,8,Watford,6,13,3,11,8
2018,8,Bournemouth,7,13,0,12,12
2018,8,Leicester,8,12,3,13,10
2018,8,Wolves,9,12,2,8,6
2018,8,Man Utd,10,10,-2,10,12
2018,8,Everton,11,9,0,11,11
2018,8,Burnley,12,7,-2,9,11
2018,8,Crystal Palace,13,7,-3,5,8
2018,8,West Ham,14,7,-4,8,12
2018,8,Brighton,15,5,-5,8,13
2018,8,Southampton,16,5,-5,6,11
2018,8,Fulham,17,5,-8,8,16
2018,8,Newcastle,18,2,-6,4,10
2018,8,Cardiff,19,2,-12,4,16
2018,8,Huddersfield,20,2,-13,3,16
2018,9,Man City,1,20,18,21,3
2018,9,Chelsea,2,20,13,18,5
2018,9,Liverpool,3,20,12,15,3
2018,9,Arsenal,4,18,9,19,10
2018,9,Spurs,5,18,8,15,7
2018,9,Bournemouth,6,16,4,16,12
2018,9,Wolves,7,15,3,9,6
2018,9,Man Utd,8,13,-1,13,14
2018,9,Watford,9,13,-1,11,12
2018,9,Leicester,10,12,2,14,12
2018,9,Everton,11,12,1,13,12
2018,9,Burnley,12,8,-2,10,12
2018,9,Brighton,13,8,-4,9,13
2018,9,Crystal Palace,14,7,-4,5,9
2018,9,West Ham,15,7,-5,8,13
2018,9,Southampton,16,5,-8,6,14
2018,9,Fulham,17,5,-12,9,21
2018,9,Huddersfield,18,3,-13,4,17
2018,9,Newcastle,19,2,-7,6,13
2018,9,Cardiff,20,2,-13,4,17
2018,10,Man City,1,23,23,26,3
2018,10,Liverpool,2,23,13,16,3
2018,10,Chelsea,3,21,13,20,7
2018,10,Arsenal,4,21,11,22,11
2018,10,Spurs,5,21,9,16,7
2018,10,Bournemouth,6,17,4,16,12
2018,10,Watford,7,16,1,13,12
2018,10,Everton,8,15,3,15,12
2018,10,Wolves,9,15,1,9,8
2018,10,Man Utd,10,14,-1,15,16
2018,10,Leicester,11,12,0,15,15
2018,10,Brighton,12,11,-3,10,13
2018,10,Burnley,13,8,-7,10,17
2018,10,West Ham,14,7,-6,8,14
2018,10,Crystal Palace,15,7,-6,5,11
2018,10,Southampton,16,6,-8,6,14
2018,10,Cardiff,17,5,-11,8,19
2018,10,Fulham,18,5,-14,11,25
2018,10,Huddersfield,19,3,-14,4,18
2018,10,Newcastle,20,2,-8,6,14
2018,11,Man City,1,26,24,27,3
2018,11,Liverpool,2,26,16,20,4
2018,11,Chelsea,3,24,17,24,7
2018,11,Arsenal,4,22,11,24,13
2018,11,Spurs,5,21,8,16,8
2018,11,Bournemouth,6,20,7,19,12
2018,11,Watford,7,19,4,16,12
2018,11,Man Utd,8,17,0,17,17
2018,11,Everton,9,15,2,16,14
2018,11,Wolves,10,15,0,9,9
2018,11,Brighton,11,14,-2,11,13
2018,11,Leicester,12,13,0,16,16
2018,11,West Ham,13,8,-6,9,15
2018,11,Crystal Palace,14,8,-6,7,13
2018,11,Burnley,15,8,-11,10,21
2018,11,Southampton,16,7,-8,6,14
2018,11,Cardiff,17,5,-14,9,23
2018,11,Fulham,18,5,-17,11,28
2018,11,Newcastle,19,3,-8,6,14
2018,11,Huddersfield,20,3,-17,4,21
2018,12,Man City,1,29,29,33,4
2018,12,Chelsea,2,27,19,27,8
2018,12,Liverpool,3,27,16,21,5
2018,12,Spurs,4,24,9,19,10
2018,12,Arsenal,5,23,11,25,14
2018,12,Bournemouth,6,20,6,20,14
2018,12,Man Utd,7,20,1,19,18
2018,12,Watford,8,19,3,16,13
2018,12,Everton,9,18,4,19,15
2018,12,Leicester,10,16,1,17,16
2018,12,Wolves,11,15,-1,11,12
2018,12,Brighton,12,14,-4,12,16
2018,12,West Ham,13,11,-4,13,17
2018,12,Crystal Palace,14,8,-8,8,16
2018,12,Burnley,15,8,-13,12,25
2018,12,Southampton,16,7,-13,7,20
2018,12,Newcastle,17,6,-7,7,14
2018,12,Huddersfield,18,6,-16,5,21
2018,12,Cardiff,19,5,-15,9,24
2018,12,Fulham,20,5,-18,11,29
2018,13,Man City,1,32,31,36,5
2018,13,Liverpool,2,30,18,23,5
2018,13,Chelsea,3,28,19,27,8
2018,13,Spurs,4,27,10,20,10
2018,13,Arsenal,5,24,11,26,15
2018,13,Bournemouth,6,20,5,21,16
2018,13,Watford,7,20,3,17,14
2018,13,Man Utd,8,20,-1,20,21
2018,13,Everton,9,19,4,19,15
2018,13,Leicester,10,17,1,17,16
2018,13,Wolves,11,16,-1,12,13
2018,13,Brighton,12,14,-5,13,18
2018,13,West Ham,13,12,-4,14,18
2018,13,Newcastle,14,9,-6,9,15
2018,13,Burnley,15,9,-13,12,25
2018,13,Crystal Palace,16,8,-9,8,17
2018,13,Southampton,17,8,-13,8,21
2018,13,Cardiff,18,8,-14,11,25
2018,13,Huddersfield,19,7,-16,6,22
2018,13,Fulham,20,5,-20,11,31
2018,14,Man City,1,35,35,40,5
2018,14,Liverpool,2,33,21,26,5
2018,14,Spurs,3,30,12,23,11
2018,14,Chelsea,4,28,17,28,11
2018,14,Arsenal,5,27,12,28,16
2018,14,Everton,6,22,5,20,15
2018,14,Man Utd,7,21,-1,20,21
2018,14,Bournemouth,8,20,4,22,18
2018,14,Watford,9,20,0,17,17
2018,14,Leicester,10,18,1,18,17
2018,14,Wolves,11,16,-3,12,15
2018,14,Brighton,12,15,-5,14,19
2018,14,Newcastle,13,12,-5,11,16
2018,14,West Ham,14,12,-8,14,22
2018,14,Huddersfield,15,10,-14,8,22
2018,14,Crystal Palace,16,9,-9,8,17
2018,14,Burnley,17,9,-14,13,27
2018,14,Southampton,18,8,-14,10,24
2018,14,Cardiff,19,8,-15,11,26
2018,14,Fulham,20,8,-19,14,33
2018,15,Man City,1,38,37,43,6
2018,15,Liverpool,2,36,22,27,5
2018,15,Chelsea,3,31,19,30,11
2018,15,Arsenal,4,30,14,32,18
2018,15,Spurs,5,30,10,25,15
2018,15,Everton,6,22,4,20,16
2018,15,Man Utd,7,22,-1,22,23
2018,15,Leicester,8,21,3,20,17
2018,15,Bournemouth,9,20,2,23,21
2018,15,Watford,10,20,-2,17,19
2018,15,Brighton,11,18,-4,16,20
2018,15,Wolves,12,16,-4,13,17
2018,15,West Ham,13,15,-5,17,22
2018,15,Crystal Palace,14,12,-7,10,17
2018,15,Newcastle,15,12,-8,11,19
2018,15,Cardiff,16,11,-14,13,27
2018,15,Huddersfield,17,10,-15,9,24
2018,15,Southampton,18,9,-14,12,26
2018,15,Burnley,19,9,-16,13,29
2018,15,Fulham,20,8,-21,14,35
2018,16,Man City,1,41,38,45,7
2018,16,Liverpool,2,39,24,30,6
2018,16,Spurs,3,33,12,28,16
2018,16,Chelsea,4,31,18,31,13
2018,16,Arsenal,5,31,14,34,20
2018,16,Everton,6,23,4,21,17
2018,16,Bournemouth,7,23,3,25,22
2018,16,Man Utd,8,23,-1,24,25
2018,16,Leicester,9,22,3,21,18
2018,16,Brighton,10,21,-2,19,21
2018,16,Watford,11,20,-3,18,21
2018,16,Wolves,12,19,-3,15,18
2018,16,West Ham,13,18,-3,20,23
2018,16,Newcastle,14,13,-8,12,20
2018,16,Crystal Palace,15,12,-9,11,20
2018,16,Cardiff,16,11,-16,14,30
2018,16,Huddersfield,17,10,-16,10,26
2018,16,Southampton,18,9,-16,13,29
2018,16,Burnley,19,9,-18,14,32
2018,16,Fulham,20,9,-21,15,36
2018,17,Liverpool,1,42,28,34,6
2018,17,Man City,2,41,36,45,9
2018,17,Spurs,3,36,14,30,16
2018,17,Chelsea,4,34,20,33,13
2018,17,Arsenal,5,34,15,35,20
2018,17,Man Utd,6,26,2,28,26
2018,17,Everton,7,24,4,23,19
2018,17,Bournemouth,8,23,-1,25,26
2018,17,Leicester,9,22,1,21,20
2018,17,Wolves,10,22,-2,17,19
2018,17,West Ham,11,21,-2,23,25
2018,17,Watford,12,21,-3,20,23
2018,17,Brighton,13,21,-3,19,22
2018,17,Cardiff,14,14,-15,15,30
2018,17,Newcastle,15,13,-9,13,22
2018,17,Crystal Palace,16,12,-10,13,23
2018,17,Burnley,17,12,-17,15,32
2018,17,Huddersfield,18,10,-17,10,27
2018,17,Southampton,19,9,-17,13,30
2018,17,Fulham,20,9,-24,16,40
2018,18,Liverpool,1,45,30,37,7
2018,18,Man City,2,44,38,48,10
2018,18,Spurs,3,39,15,31,16
2018,18,Chelsea,4,37,21,35,14
2018,18,Arsenal,5,34,14,37,23
2018,18,Man Utd,6,26,0,29,29
2018,18,Wolves,7,25,0,19,19
2018,18,Everton,8,24,2,24,22
2018,18,West Ham,9,24,0,25,25
2018,18,Watford,10,24,-2,23,25
2018,18,Bournemouth,11,23,-3,25,28
2018,18,Leicester,12,22,0,21,21
2018,18,Brighton,13,21,-4,20,24
2018,18,Newcastle,14,16,-8,14,22
2018,18,Crystal Palace,15,15,-9,14,23
2018,18,Cardiff,16,14,-16,17,33
2018,18,Southampton,17,12,-16,16,32
2018,18,Burnley,18,12,-18,15,33
2018,18,Huddersfield,19,10,-18,10,28
2018,18,Fulham,20,9,-26,16,42
2018,19,Liverpool,1,48,32,39,7
2018,19,Man City,2,44,37,50,13
2018,19,Spurs,3,42,19,37,18
2018,19,Chelsea,4,37,20,35,15
2018,19,Arsenal,5,37,16,40,24
2018,19,Man Utd,6,29,4,34,30
2018,19,Watford,7,27,0,25,25
2018,19,Bournemouth,8,26,-1,27,28
2018,19,Leicester,9,25,1,22,21
2018,19,Wolves,10,25,-2,19,21
2018,19,Everton,11,24,-2,26,28
2018,19,West Ham,12,24,-2,25,27
2018,19,Brighton,13,21,-6,20,26
2018,19,Crystal Palace,14,18,-8,17,25
2018,19,Newcastle,15,17,-8,14,22
2018,19,Southampton,16,15,-14,19,33
2018,19,Cardiff,17,14,-20,18,38
2018,19,Burnley,18,12,-20,16,36
2018,19,Huddersfield,19,10,-20,11,31
2018,19,Fulham,20,10,-26,16,42
2018,20,Liverpool,1,51,36,43,7
2018,20,Spurs,2,45,24,42,18
2018,20,Man City,3,44,36,51,15
2018,20,Chelsea,4,40,21,37,16
2018,20,Arsenal,5,38,16,41,25
2018,20,Man Utd,6,32,6,37,31
2018,20,Leicester,7,28,2,24,22
2018,20,Everton,8,27,2,31,29
2018,20,West Ham,9,27,-1,27,28
2018,20,Watford,10,27,-1,26,27
2018,20,Wolves,11,26,-2,20,22
2018,20,Bournemouth,12,26,-6,27,33
2018,20,Brighton,13,22,-6,21,27
2018,20,Crystal Palace,14,19,-8,17,25
2018,20,Newcastle,15,17,-12,14,26
2018,20,Southampton,16,15,-15,20,35
2018,20,Cardiff,17,15,-20,18,38
2018,20,Burnley,18,12,-24,17,41
2018,20,Fulham,19,11,-26,17,43
2018,20,Huddersfield,20,10,-22,12,34
2018,21,Liverpool,1,54,40,48,8
2018,21,Man City,2,47,38,54,16
2018,21,Spurs,3,45,22,43,21
2018,21,Chelsea,4,43,22,38,16
2018,21,Arsenal,5,38,12,42,30
2018,21,Man Utd,6,35,9,41,32
2018,21,Wolves,7,29,0,23,23
2018,21,Leicester,8,28,1,24,23
2018,21,Watford,9,28,-1,27,28
2018,21,Everton,10,27,1,31,30
2018,21,West Ham,11,27,-3,27,30
2018,21,Bournemouth,12,26,-9,28,37
2018,21,Brighton,13,25,-5,22,27
2018,21,Crystal Palace,14,19,-9,17,26
2018,21,Newcastle,15,18,-12,15,27
2018,21,Cardiff,16,18,-19,19,38
2018,21,Southampton,17,15,-17,21,38
2018,21,Burnley,18,15,-22,19,41
2018,21,Fulham,19,14,-25,18,43
2018,21,Huddersfield,20,10,-23,12,35
2018,22,Liverpool,1,54,39,49,10
2018,22,Man City,2,50,39,56,17
2018,22,Spurs,3,48,25,46,21
2018,22,Chelsea,4,44,22,38,16
2018,22,Arsenal,5,41,15,46,31
2018,22,Man Utd,6,38,11,43,32
2018,22,Leicester,7,31,2,25,23
2018,22,Watford,8,29,-1,30,31
2018,22,Wolves,9,29,-2,23,25
2018,22,West Ham,10,28,-3,29,32
2018,22,Everton,11,27,0,31,31
2018,22,Bournemouth,12,27,-9,31,40
2018,22,Brighton,13,26,-5,24,29
2018,22,Crystal Palace,14,22,-7,19,26
2018,22,Newcastle,15,18,-14,15,29
2018,22,Burnley,16,18,-21,21,42
2018,22,Cardiff,17,18,-22,19,41
2018,22,Southampton,18,16,-17,21,38
2018,22,Fulham,19,14,-28,19,47
2018,22,Huddersfield,20,10,-24,13,37
2018,23,Liverpool,1,57,40,50,10
2018,23,Man City,2,53,42,59,17
2018,23,Spurs,3,48,24,46,22
2018,23,Chelsea,4,47,23,40,17
2018,23,Arsenal,5,41,14,46,32
2018,23,Man Utd,6,41,12,44,32
2018,23,Watford,7,32,0,32,32
2018,23,Leicester,8,31,1,26,25
2018,23,West Ham,9,31,-2,30,32
2018,23,Everton,10,30,2,33,31
2018,23,Wolves,11,29,-5,23,28
2018,23,Bournemouth,12,27,-11,31,42
2018,23,Brighton,13,26,-6,24,30
2018,23,Crystal Palace,14,22,-8,20,28
2018,23,Burnley,15,21,-20,23,43
2018,23,Southampton,16,19,-16,23,39
2018,23,Cardiff,17,19,-22,19,41
2018,23,Newcastle,18,18,-15,16,31
2018,23,Fulham,19,14,-29,20,49
2018,23,Huddersfield,20,11,-24,13,37
2018,24,Liverpool,1,60,41,54,13
2018,24,Man City,2,56,45,62,17
2018,24,Spurs,3,51,25,48,23
2018,24,Chelsea,4,47,21,40,19
2018,24,Arsenal,5,44,16,48,32
2018,24,Man Utd,6,44,13,46,33
2018,24,Watford,7,33,0,32,32
2018,24,Wolves,8,32,-4,27,31
2018,24,Leicester,9,31,0,29,29
2018,24,West Ham,10,31,-4,30,34
2018,24,Everton,11,30,1,34,33
2018,24,Bournemouth,12,30,-9,33,42
2018,24,Brighton,13,26,-7,25,32
2018,24,Crystal Palace,14,22,-9,23,32
2018,24,Southampton,15,22,-15,25,40
2018,24,Burnley,16,22,-20,23,43
2018,24,Newcastle,17,21,-12,19,31
2018,24,Cardiff,18,19,-25,19,44
2018,24,Fulham,19,14,-30,21,51
2018,24,Huddersfield,20,11,-27,13,40
2018,25,Liverpool,1,61,41,55,14
2018,25,Man City,2,56,44,63,19
2018,25,Spurs,3,54,26,50,24
2018,25,Arsenal,4,47,17,50,33
2018,25,Chelsea,5,47,17,40,23
2018,25,Man Utd,6,45,13,48,35
2018,25,Wolves,7,35,-1,30,31
2018,25,Everton,8,33,2,35,33
2018,25,Watford,9,33,-1,33,34
2018,25,Bournemouth,10,33,-5,37,42
2018,25,Leicester,11,32,0,30,30
2018,25,West Ham,12,31,-7,30,37
2018,25,Brighton,13,26,-9,27,36
2018,25,Newcastle,14,24,-11,21,32
2018,25,Crystal Palace,15,23,-9,24,33
2018,25,Southampton,16,23,-15,26,41
2018,25,Burnley,17,23,-20,25,45
2018,25,Cardiff,18,19,-26,20,46
2018,25,Fulham,19,17,-28,25,53
2018,25,Huddersfield,20,11,-28,13,41
2018,26,Liverpool,1,62,41,56,15
2018,26,Man City,2,59,46,66,20
2018,26,Spurs,3,57,27,51,24
2018,26,Chelsea,4,50,22,45,23
2018,26,Man Utd,5,48,14,49,35
2018,26,Arsenal,6,47,15,51,36
2018,26,Wolves,7,38,1,33,32
2018,26,Watford,8,34,-1,33,34
2018,26,Everton,9,33,0,36,36
2018,26,Bournemouth,10,33,-7,37,44
2018,26,Leicester,11,32,-1,30,31
2018,26,West Ham,12,32,-7,31,38
2018,26,Brighton,13,27,-9,27,36
2018,26,Crystal Palace,14,26,-7,26,33
2018,26,Newcastle,15,24,-12,21,33
2018,26,Southampton,16,24,-15,27,42
2018,26,Burnley,17,24,-20,26,46
2018,26,Cardiff,18,22,-24,22,46
2018,26,Fulham,19,17,-30,25,55
2018,26,Huddersfield,20,11,-33,13,46
2018,27,Liverpool,1,65,44,59,15
2018,27,Man City,2,62,52,72,20
2018,27,Spurs,3,60,29,54,25
2018,27,Man Utd,4,51,17,52,35
2018,27,Arsenal,5,50,16,53,37
2018,27,Chelsea,6,50,16,45,29
2018,27,Wolves,7,39,1,34,33
2018,27,Watford,8,37,0,34,34
2018,27,Everton,9,33,-1,36,37
2018,27,West Ham,10,33,-7,32,39
2018,27,Bournemouth,11,33,-10,37,47
2018,27,Leicester,12,32,-3,31,34
2018,27,Crystal Palace,13,27,-7,27,34
2018,27,Brighton,14,27,-11,28,39
2018,27,Burnley,15,27,-18,29,47
2018,27,Newcastle,16,25,-12,22,34
2018,27,Cardiff,17,25,-23,24,47
2018,27,Southampton,18,24,-16,28,44
2018,27,Fulham,19,17,-33,25,58
2018,27,Huddersfield,20,11,-34,14,48
2018,28,Liverpool,1,66,44,59,15
2018,28,Man City,2,65,54,74,20
2018,28,Spurs,3,60,28,55,27
2018,28,Chelsea,4,53,19,48,29
2018,28,Arsenal,5,53,18,55,37
2018,28,Man Utd,6,52,17,52,35
2018,28,Watford,7,40,4,39,35
2018,28,Wolves,8,40,1,35,34
2018,28,West Ham,9,36,-5,35,40
2018,28,Bournemouth,10,34,-10,38,48
2018,28,Everton,11,33,-3,36,39
2018,28,Leicester,12,32,-6,32,38
2018,28,Crystal Palace,13,30,-4,31,35
2018,28,Burnley,14,30,-17,31,48
2018,28,Newcastle,15,28,-10,24,34
2018,28,Brighton,16,27,-14,28,42
2018,28,Cardiff,17,25,-27,25,52
2018,28,Southampton,18,24,-18,28,46
2018,28,Fulham,19,17,-35,26,61
2018,28,Huddersfield,20,11,-36,14,50
2018,29,Liverpool,1,69,49,64,15
2018,29,Man City,2,68,55,75,20
2018,29,Spurs,3,60,26,55,29
2018,29,Arsenal,4,56,22,60,38
2018,29,Chelsea,5,56,21,50,29
2018,29,Man Utd,6,55,19,55,36
2018,29,Wolves,7,40,0,35,35
2018,29,Watford,8,40,-1,39,40
2018,29,Everton,9,36,0,39,39
2018,29,West Ham,10,36,-6,35,41
2018,29,Leicester,11,35,-5,34,39
2018,29,Bournemouth,12,34,-14,39,53
2018,29,Newcastle,13,31,-8,26,34
2018,29,Crystal Palace,14,30,-6,32,38
2018,29,Burnley,15,30,-19,31,50
2018,29,Brighton,16,27,-15,29,44
2018,29,Southampton,17,27,-16,30,46
2018,29,Cardiff,18,25,-30,25,55
2018,29,Fulham,19,17,-37,26,63
2018,29,Huddersfield,20,14,-35,15,50
2018,30,Man City,1,71,56,76,20
2018,30,Liverpool,2,70,49,64,15
2018,30,Spurs,3,61,26,56,30
2018,30,Chelsea,4,59,22,52,30
2018,30,Man Utd,5,58,20,58,38
2018,30,Arsenal,6,57,22,61,39
2018,30,Wolves,7,43,2,37,35
2018,30,Watford,8,43,0,41,41
2018,30,West Ham,9,39,-4,37,41
2018,30,Everton,10,37,0,39,39
2018,30,Leicester,11,35,-6,35,41
2018,30,Bournemouth,12,34,-15,39,54
2018,30,Crystal Palace,13,33,-4,35,39
2018,30,Newcastle,14,31,-10,26,36
2018,30,Brighton,15,30,-14,30,44
2018,30,Burnley,16,30,-21,32,53
2018,30,Southampton,17,27,-17,32,49
2018,30,Cardiff,18,25,-32,25,57
2018,30,Fulham,19,17,-38,27,65
2018,30,Huddersfield,20,14,-36,15,51
2018,31,Man City,1,74,58,79,21
2018,31,Liverpool,2,73,51,68,17
2018,31,Spurs,3,61,25,57,32
2018,31,Arsenal,4,60,24,63,39
2018,31,Chelsea,5,60,22,53,31
2018,31,Man Utd,6,58,18,58,40
2018,31,Wolves,7,44,2,38,36
2018,31,Watford,8,43,-2,42,44
2018,31,West Ham,9,39,-6,37,43
2018,31,Leicester,10,38,-4,38,42
2018,31,Everton,11,37,-1,41,42
2018,31,Bournemouth,12,37,-13,41,54
2018,31,Newcastle,13,34,-9,29,38
2018,31,Crystal Palace,14,33,-5,36,41
2018,31,Brighton,15,33,-13,32,45
2018,31,Southampton,16,30,-16,34,50
2018,31,Burnley,17,30,-23,34,57
2018,31,Cardiff,18,28,-30,27,57
2018,31,Fulham,19,17,-40,28,68
2018,31,Huddersfield,20,14,-38,15,53
2018,32,Man City,1,77,60,81,21
2018,32,Liverpool,2,76,52,70,18
2018,32,Spurs,3,64,27,59,32
2018,32,Arsenal,4,60,22,64,42
2018,32,Chelsea,5,60,20,53,33
2018,32,Man Utd,6,58,16,58,42
2018,32,Wolves,7,47,4,41,37
2018,32,Watford,8,44,-2,43,45
2018,32,West Ham,9,42,-5,41,46
2018,32,Leicester,10,41,-3,40,43
2018,32,Everton,11,40,1,43,42
2018,32,Bournemouth,12,38,-13,43,56
2018,32,Newcastle,13,35,-9,31,40
2018,32,Crystal Palace,14,33,-7,36,43
2018,32,Brighton,15,33,-15,32,47
2018,32,Southampton,16,31,-16,35,51
2018,32,Cardiff,17,31,-28,29,57
2018,32,Burnley,18,30,-24,35,59
2018,32,Fulham,19,17,-41,29,70
2018,32,Huddersfield,20,14,-39,18,57
2018,33,Man City,1,80,62,83,21
2018,33,Liverpool,2,79,53,72,19
2018,33,Spurs,3,64,26,60,34
2018,33,Arsenal,4,63,24,66,42
2018,33,Chelsea,5,63,21,55,34
2018,33,Man Utd,6,61,17,60,43
2018,33,Wolves,7,47,2,41,39
2018,33,Leicester,8,44,-1,42,43
2018,33,Watford,9,44,-3,44,47
2018,33,Everton,10,43,3,45,42
2018,33,West Ham,11,42,-7,41,48
2018,33,Bournemouth,12,38,-15,43,58
2018,33,Crystal Palace,13,36,-5,38,43
2018,33,Newcastle,14,35,-11,31,42
2018,33,Southampton,15,34,-15,36,51
2018,33,Brighton,16,33,-16,32,48
2018,33,Burnley,17,33,-22,37,59
2018,33,Cardiff,18,31,-29,30,59
2018,33,Fulham,19,17,-43,29,72
2018,33,Huddersfield,20,14,-41,18,59
2018,34,Man City,1,83,64,85,21
2018,34,Liverpool,2,82,55,75,20
2018,34,Spurs,3,67,27,61,34
2018,34,Chelsea,4,66,23,57,34
2018,34,Arsenal,5,63,23,66,43
2018,34,Man Utd,6,61,16,61,45
2018,34,Wolves,7,50,3,43,40
2018,34,Leicester,8,47,2,46,44
2018,34,Watford,9,47,0,48,48
2018,34,Everton,10,46,4,46,42
2018,34,West Ham,11,42,-9,41,50
2018,34,Crystal Palace,12,39,-4,39,43
2018,34,Bournemouth,13,38,-17,44,61
2018,34,Burnley,14,36,-20,40,60
2018,34,Newcastle,15,35,-12,31,43
2018,34,Southampton,16,34,-17,37,54
2018,34,Brighton,17,33,-17,32,49
2018,34,Cardiff,18,31,-31,30,61
2018,34,Fulham,19,17,-46,30,76
2018,34,Huddersfield,20,14,-44,19,63
2018,35,Man City,1,86,66,88,22
2018,35,Liverpool,2,85,57,77,20
2018,35,Spurs,3,70,31,65,34
2018,35,Arsenal,4,66,24,67,43
2018,35,Chelsea,5,66,21,57,36
2018,35,Man Utd,6,64,17,63,46
2018,35,Wolves,7,50,1,44,43
2018,35,Leicester,8,47,1,46,45
2018,35,Watford,9,47,-1,48,49
2018,35,Everton,10,46,2,46,44
2018,35,West Ham,11,42,-10,42,52
2018,35,Bournemouth,12,41,-12,49,61
2018,35,Crystal Palace,13,39,-6,40,46
2018,35,Burnley,14,39,-18,42,60
2018,35,Newcastle,15,38,-11,32,43
2018,35,Southampton,16,37,-15,40,55
2018,35,Brighton,17,33,-22,32,54
2018,35,Cardiff,18,31,-33,30,63
2018,35,Fulham,19,20,-44,32,76
2018,35,Huddersfield,20,14,-48,19,67
2018,36,Man City,1,89,67,89,22
2018,36,Liverpool,2,88,59,79,20
2018,36,Spurs,3,70,30,65,35
2018,36,Chelsea,4,67,21,59,38
2018,36,Arsenal,5,66,23,69,46
2018,36,Man Utd,6,64,13,63,50
2018,36,Wolves,7,51,1,44,43
2018,36,Watford,8,50,0,50,50
2018,36,Everton,9,49,6,50,44
2018,36,Leicester,10,48,1,48,47
2018,36,West Ham,11,43,-10,44,54
2018,36,Crystal Palace,12,42,-5,43,48
2018,36,Newcastle,13,41,-9,35,44
2018,36,Bournemouth,14,41,-13,49,62
2018,36,Burnley,15,40,-18,44,62
2018,36,Southampton,16,37,-17,41,58
2018,36,Brighton,17,34,-22,32,54
2018,36,Cardiff,18,31,-35,30,65
2018,36,Fulham,19,23,-43,33,76
2018,36,Huddersfield,20,14,-49,20,69
2018,37,Man City,1,92,68,90,22
2018,37,Liverpool,2,91,64,84,20
2018,37,Spurs,3,70,29,65,36
2018,37,Chelsea,4,68,21,60,39
2018,37,Arsenal,5,66,20,69,49
2018,37,Man Utd,6,65,13,64,51
2018,37,Wolves,7,54,2,46,44
2018,37,Leicester,8,51,4,51,47
2018,37,Everton,9,50,6,50,44
2018,37,Watford,10,50,-1,51,52
2018,37,West Ham,11,46,-9,45,54
2018,37,Crystal Palace,12,43,-5,43,48
2018,37,Newcastle,13,42,-9,36,45
2018,37,Bournemouth,14,42,-13,52,65
2018,37,Burnley,15,40,-19,44,63
2018,37,Southampton,16,38,-17,44,61
2018,37,Brighton,17,35,-22,33,55
2018,37,Cardiff,18,31,-36,30,66
2018,37,Fulham,19,26,-42,34,76
2018,37,Huddersfield,20,14,-54,20,74
2018,38,Man City,1,95,69,91,22
2018,38,Liverpool,2,94,65,87,22
2018,38,Chelsea,3,71,24,63,39
2018,38,Spurs,4,70,28,65,37
2018,38,Arsenal,5,67,20,70,50
2018,38,Man Utd,6,66,13,65,52
2018,38,Wolves,7,57,3,47,44
2018,38,Everton,8,53,8,52,44
2018,38,Leicester,9,51,3,51,48
2018,38,Watford,10,50,-4,51,55
2018,38,West Ham,11,49,-6,48,54
2018,38,Crystal Palace,12,46,-4,46,50
2018,38,Bournemouth,13,45,-12,53,65
2018,38,Newcastle,14,42,-10,38,48
2018,38,Burnley,15,40,-21,44,65
2018,38,Southampton,16,38,-20,44,64
2018,38,Brighton,17,36,-22,34,56
2018,38,Cardiff,18,31,-37,32,69
2018,38,Fulham,19,26,-43,34,77
2018,38,Huddersfield,20,15,-54,21,75
2018,39,Man City,1,98,72,95,23
2018,39,Liverpool,2,97,67,89,22
2018,39,Chelsea,3,72,24,63,39
2018,39,Spurs,4,71,28,67,39
2018,39,Arsenal,5,70,22,73,51
2018,39,Man Utd,6,66,11,65,54
2018,39,Wolves,7,57,1,47,46
2018,39,Everton,8,54,8,54,46
2018,39,Leicester,9,52,3,51,48
2018,39,West Ham,10,52,-3,52,55
2018,39,Watford,11,50,-7,52,59
2018,39,Crystal Palace,12,49,-2,51,53
2018,39,Newcastle,13,45,-6,42,48
2018,39,Bournemouth,14,45,-14,56,70
2018,39,Burnley,15,40,-23,45,68
2018,39,Southampton,16,39,-20,45,65
2018,39,Brighton,17,36,-25,35,60
2018,39,Cardiff,18,34,-35,34,69
2018,39,Fulham,19,26,-47,34,81
2018,39,Huddersfield,20,16,-54,22,76
