match_year,match_round,team,team_rank,team_points,team_goal_difference,team_goal_fatti,team_goal_subiti
2011,2,Bolton,1,3,4,4,0
2011,2,Man City,2,3,4,4,0
2011,2,Spurs,3,3,2,2,0
2011,2,Wolves,4,3,1,2,1
2011,2,Man Utd,5,3,1,2,1
2011,2,Liverpool,6,1,0,1,1
2011,2,Sunderland,7,1,0,1,1
2011,2,Wigan,8,1,0,1,1
2011,2,Norwich,9,1,0,1,1
2011,2,Arsenal,10,1,0,0,0
2011,2,Aston Villa,11,1,0,0,0
2011,2,Stoke City,12,1,0,0,0
2011,2,Chelsea,13,1,0,0,0
2011,2,Newcastle,14,1,0,0,0
2011,2,Fulham,15,1,0,0,0
2011,2,Blackburn,16,0,-1,1,2
2011,2,West Brom,17,0,-1,1,2
2011,2,Everton,18,0,-2,0,2
2011,2,QPR,19,0,-4,0,4
2011,2,Swansea,20,0,-4,0,4
2011,3,Man City,1,6,5,7,2
2011,3,Man Utd,2,6,4,5,1
2011,3,Wolves,3,6,3,4,1
2011,3,Liverpool,4,4,2,3,1
2011,3,Aston Villa,5,4,2,3,1
2011,3,Chelsea,6,4,1,2,1
2011,3,Newcastle,7,4,1,1,0
2011,3,Bolton,8,3,3,6,3
2011,3,Spurs,9,3,-1,2,3
2011,3,QPR,10,3,-3,1,4
2011,3,Norwich,11,2,0,2,2
2011,3,Stoke City,12,2,0,1,1
2011,3,Wigan,13,2,0,1,1
2011,3,Sunderland,14,1,-1,1,2
2011,3,Arsenal,15,1,-2,0,2
2011,3,Fulham,16,1,-2,0,2
2011,3,Swansea,17,1,-4,0,4
2011,3,West Brom,18,0,-2,2,4
2011,3,Blackburn,19,0,-3,2,5
2011,3,Everton,20,0,-3,0,3
2011,4,Man Utd,1,9,10,13,3
2011,4,Man City,2,9,9,12,3
2011,4,Liverpool,3,7,4,6,2
2011,4,Chelsea,4,7,3,5,2
2011,4,Wolves,5,7,3,4,1
2011,4,Newcastle,6,7,2,3,1
2011,4,Aston Villa,7,5,2,3,1
2011,4,Wigan,8,5,2,3,1
2011,4,Stoke City,9,5,1,2,1
2011,4,Bolton,10,3,1,7,6
2011,4,Everton,11,3,-2,1,3
2011,4,Spurs,12,3,-5,3,8
2011,4,QPR,13,3,-5,1,6
2011,4,Sunderland,14,2,-1,1,2
2011,4,Norwich,15,2,-2,3,5
2011,4,Swansea,16,2,-4,0,4
2011,4,Fulham,17,1,-3,1,4
2011,4,Arsenal,18,1,-8,2,10
2011,4,West Brom,19,0,-3,2,5
2011,4,Blackburn,20,0,-4,2,6
2011,5,Man Utd,1,12,15,18,3
2011,5,Man City,2,12,12,15,3
2011,5,Chelsea,3,10,4,7,3
2011,5,Stoke City,4,8,2,3,1
2011,5,Newcastle,5,8,2,3,1
2011,5,Liverpool,6,7,3,6,3
2011,5,Wolves,7,7,1,4,3
2011,5,Aston Villa,8,6,2,5,3
2011,5,Spurs,9,6,-3,5,8
2011,5,Wigan,10,5,-1,3,4
2011,5,Everton,11,4,-2,3,5
2011,5,QPR,12,4,-5,1,6
2011,5,Arsenal,13,4,-7,3,10
2011,5,West Brom,14,3,-2,3,5
2011,5,Bolton,15,3,-4,7,11
2011,5,Sunderland,16,2,-2,2,4
2011,5,Norwich,17,2,-3,3,6
2011,5,Fulham,18,2,-3,2,5
2011,5,Swansea,19,2,-5,0,5
2011,5,Blackburn,20,1,-4,3,7
2011,6,Man Utd,1,15,17,21,4
2011,6,Man City,2,13,12,17,5
2011,6,Chelsea,3,10,2,8,6
2011,6,Newcastle,4,9,2,4,2
2011,6,Spurs,5,9,1,9,8
2011,6,Stoke City,6,8,-2,3,5
2011,6,Aston Villa,7,7,2,6,4
2011,6,Everton,8,7,0,6,6
2011,6,Liverpool,9,7,-1,6,7
2011,6,Wolves,10,7,-2,4,6
2011,6,QPR,11,7,-2,4,6
2011,6,Sunderland,12,5,2,6,4
2011,6,Norwich,13,5,-2,5,7
2011,6,Swansea,14,5,-2,3,5
2011,6,Wigan,15,5,-3,4,7
2011,6,Blackburn,16,4,-3,7,10
2011,6,Arsenal,17,4,-8,6,14
2011,6,Fulham,18,3,-3,4,7
2011,6,Bolton,19,3,-5,8,13
2011,6,West Brom,20,3,-5,3,8
2011,7,Man Utd,1,16,17,22,5
2011,7,Man City,2,16,14,19,5
2011,7,Chelsea,3,13,5,12,7
2011,7,Newcastle,4,12,4,7,3
2011,7,Spurs,5,12,2,11,9
2011,7,Liverpool,6,10,0,8,8
2011,7,Stoke City,7,9,-2,4,6
2011,7,Aston Villa,8,8,2,7,5
2011,7,Norwich,9,8,-1,7,8
2011,7,QPR,10,8,-2,5,7
2011,7,Everton,11,7,-2,6,8
2011,7,Wolves,12,7,-3,5,8
2011,7,Arsenal,13,7,-5,9,14
2011,7,Sunderland,14,5,1,7,6
2011,7,Wigan,15,5,-4,5,9
2011,7,Swansea,16,5,-5,4,9
2011,7,Fulham,17,4,-3,4,7
2011,7,Blackburn,18,4,-5,8,13
2011,7,West Brom,19,4,-5,3,8
2011,7,Bolton,20,3,-8,8,16
2011,8,Man Utd,1,19,19,24,5
2011,8,Man City,2,19,18,23,5
2011,8,Chelsea,3,16,9,17,8
2011,8,Newcastle,4,15,5,9,4
2011,8,Spurs,5,15,3,13,10
2011,8,Liverpool,6,13,2,10,8
2011,8,Aston Villa,7,11,4,9,5
2011,8,Stoke City,8,9,-4,4,8
2011,8,Norwich,9,8,-3,7,10
2011,8,Swansea,10,8,-3,6,9
2011,8,QPR,11,8,-8,5,13
2011,8,Fulham,12,7,3,10,7
2011,8,Everton,13,7,-4,6,10
2011,8,Wolves,14,7,-4,6,10
2011,8,Arsenal,15,7,-6,10,16
2011,8,Sunderland,16,6,1,9,8
2011,8,West Brom,17,5,-5,5,10
2011,8,Wigan,18,5,-6,5,11
2011,8,Blackburn,19,4,-9,8,17
2011,8,Bolton,20,3,-12,9,21
2011,9,Man City,1,22,21,27,6
2011,9,Man Utd,2,20,19,25,6
2011,9,Chelsea,3,19,11,20,9
2011,9,Newcastle,4,16,5,11,6
2011,9,Spurs,5,16,3,15,12
2011,9,Liverpool,6,14,2,11,9
2011,9,Stoke City,7,12,-2,6,8
2011,9,Aston Villa,8,11,1,10,9
2011,9,Norwich,9,11,-1,10,11
2011,9,Arsenal,10,10,-5,12,17
2011,9,QPR,11,9,-8,6,14
2011,9,West Brom,12,8,-3,7,10
2011,9,Swansea,13,8,-5,7,12
2011,9,Fulham,14,7,1,10,9
2011,9,Everton,15,7,-6,7,13
2011,9,Wolves,16,7,-6,6,12
2011,9,Sunderland,17,6,0,10,10
2011,9,Bolton,18,6,-10,12,22
2011,9,Wigan,19,5,-8,6,14
2011,9,Blackburn,20,5,-9,9,18
2011,10,Man City,1,25,26,33,7
2011,10,Man Utd,2,20,14,26,12
2011,10,Chelsea,3,19,10,20,10
2011,10,Newcastle,4,19,6,12,6
2011,10,Spurs,5,19,4,17,13
2011,10,Liverpool,6,15,2,12,10
2011,10,Arsenal,7,13,-3,15,18
2011,10,Norwich,8,12,-1,11,12
2011,10,Stoke City,9,12,-4,7,11
2011,10,QPR,10,12,-7,7,14
2011,10,Aston Villa,11,11,0,11,11
2011,10,West Brom,12,11,-2,9,11
2011,10,Everton,13,10,-4,10,14
2011,10,Sunderland,14,9,2,12,10
2011,10,Swansea,15,9,-5,9,14
2011,10,Wolves,16,8,-6,8,14
2011,10,Fulham,17,7,-1,11,12
2011,10,Bolton,18,6,-12,12,24
2011,10,Wigan,19,5,-9,6,15
2011,10,Blackburn,20,5,-10,10,20
2011,11,Man City,1,28,28,36,8
2011,11,Man Utd,2,23,15,27,12
2011,11,Newcastle,3,22,8,15,7
2011,11,Spurs,4,22,6,20,14
2011,11,Chelsea,5,19,8,23,15
2011,11,Liverpool,6,18,4,14,10
2011,11,Arsenal,7,16,-1,20,21
2011,11,Norwich,8,13,-1,14,15
2011,11,Aston Villa,9,12,0,13,13
2011,11,Swansea,10,12,-3,12,15
2011,11,Stoke City,11,12,-6,8,14
2011,11,QPR,12,12,-9,8,17
2011,11,West Brom,13,11,-4,9,13
2011,11,Sunderland,14,10,2,14,12
2011,11,Fulham,15,10,1,13,12
2011,11,Everton,16,10,-5,10,15
2011,11,Wolves,17,8,-8,9,17
2011,11,Blackburn,18,6,-10,13,23
2011,11,Bolton,19,6,-14,13,27
2011,11,Wigan,20,5,-11,6,17
2011,12,Man City,1,31,29,39,10
2011,12,Man Utd,2,26,16,28,12
2011,12,Newcastle,3,25,9,17,8
2011,12,Spurs,4,25,8,23,15
2011,12,Chelsea,5,22,9,24,15
2011,12,Liverpool,6,19,4,14,10
2011,12,Arsenal,7,19,2,23,21
2011,12,Aston Villa,8,15,1,16,15
2011,12,Norwich,9,13,-2,16,18
2011,12,Swansea,10,13,-3,12,15
2011,12,QPR,11,12,-10,10,20
2011,12,Stoke City,12,12,-11,8,19
2011,12,Wolves,13,11,-6,12,18
2011,12,West Brom,14,11,-7,9,16
2011,12,Sunderland,15,10,1,14,13
2011,12,Fulham,16,10,-1,14,15
2011,12,Everton,17,10,-6,11,17
2011,12,Bolton,18,9,-9,18,27
2011,12,Blackburn,19,6,-11,13,24
2011,12,Wigan,20,5,-13,7,20
2011,13,Man City,1,34,31,42,11
2011,13,Man Utd,2,29,17,29,12
2011,13,Spurs,3,28,10,25,15
2011,13,Newcastle,4,25,7,18,11
2011,13,Chelsea,5,22,8,25,17
2011,13,Liverpool,6,22,5,16,11
2011,13,Arsenal,7,22,3,25,22
2011,13,Aston Villa,8,15,-1,16,17
2011,13,QPR,9,15,-9,13,22
2011,13,West Brom,10,14,-6,11,17
2011,13,Norwich,11,13,-3,17,20
2011,13,Swansea,12,13,-4,12,16
2011,13,Everton,13,13,-5,13,18
2011,13,Stoke City,14,12,-12,10,22
2011,13,Sunderland,15,11,1,14,13
2011,13,Fulham,16,11,-1,14,15
2011,13,Wolves,17,11,-7,13,20
2011,13,Bolton,18,9,-10,19,29
2011,13,Blackburn,19,7,-11,16,27
2011,13,Wigan,20,6,-13,10,23
2011,14,Man City,1,35,31,43,12
2011,14,Spurs,2,31,12,28,16
2011,14,Man Utd,3,30,17,30,13
2011,14,Newcastle,4,26,7,19,12
2011,14,Chelsea,5,25,11,28,17
2011,14,Liverpool,6,23,5,17,12
2011,14,Arsenal,7,23,3,26,23
2011,14,Aston Villa,8,16,-1,16,17
2011,14,Norwich,9,16,-2,19,21
2011,14,Everton,10,16,-3,15,18
2011,14,QPR,11,15,-10,14,24
2011,14,Stoke City,12,15,-10,13,23
2011,14,Swansea,13,14,-4,12,16
2011,14,West Brom,14,14,-8,12,20
2011,14,Fulham,15,12,-1,15,16
2011,14,Sunderland,16,11,0,15,15
2011,14,Wolves,17,11,-10,13,23
2011,14,Bolton,18,9,-12,19,31
2011,14,Wigan,19,9,-12,12,24
2011,14,Blackburn,20,7,-13,17,30
2011,15,Man City,1,38,35,48,13
2011,15,Spurs,2,34,15,31,16
2011,15,Man Utd,3,33,18,31,13
2011,15,Chelsea,4,28,14,31,17
2011,15,Arsenal,5,26,7,30,23
2011,15,Newcastle,6,26,4,19,15
2011,15,Liverpool,7,23,4,17,13
2011,15,Stoke City,8,18,-9,14,23
2011,15,Aston Villa,9,16,-2,16,18
2011,15,Everton,10,16,-4,15,19
2011,15,Norwich,11,16,-6,20,26
2011,15,QPR,12,16,-10,15,25
2011,15,Fulham,13,15,0,16,16
2011,15,West Brom,14,15,-8,13,21
2011,15,Swansea,15,14,-6,14,20
2011,15,Wolves,16,14,-9,15,24
2011,15,Sunderland,17,11,-1,16,17
2011,15,Blackburn,18,10,-11,21,32
2011,15,Bolton,19,9,-15,19,34
2011,15,Wigan,20,9,-16,12,28
2011,16,Man City,1,38,34,49,15
2011,16,Man Utd,2,36,21,35,14
2011,16,Spurs,3,34,14,32,18
2011,16,Chelsea,4,31,15,33,18
2011,16,Arsenal,5,29,8,31,23
2011,16,Liverpool,6,26,5,18,13
2011,16,Newcastle,7,26,2,21,19
2011,16,Stoke City,8,21,-8,16,24
2011,16,Aston Villa,9,19,-1,18,19
2011,16,Norwich,10,19,-4,24,28
2011,16,Swansea,11,17,-4,16,20
2011,16,Everton,12,16,-5,15,20
2011,16,QPR,13,16,-11,15,26
2011,16,Fulham,14,15,-2,16,18
2011,16,West Brom,15,15,-9,14,23
2011,16,Sunderland,16,14,0,18,18
2011,16,Wolves,17,14,-12,16,28
2011,16,Wigan,18,12,-15,14,29
2011,16,Blackburn,19,10,-12,22,34
2011,16,Bolton,20,9,-16,20,36
2011,17,Man City,1,41,35,50,15
2011,17,Man Utd,2,39,23,37,14
2011,17,Spurs,3,37,15,33,18
2011,17,Chelsea,4,32,15,34,19
2011,17,Arsenal,5,29,7,31,24
2011,17,Liverpool,6,29,7,20,13
2011,17,Newcastle,7,27,2,21,19
2011,17,Stoke City,8,24,-7,18,25
2011,17,Norwich,9,20,-4,25,29
2011,17,Aston Villa,10,19,-3,18,21
2011,17,Fulham,11,18,0,18,18
2011,17,Swansea,12,18,-4,16,20
2011,17,West Brom,13,18,-8,16,24
2011,17,Everton,14,17,-5,16,21
2011,17,QPR,15,16,-13,15,28
2011,17,Sunderland,16,14,-1,18,19
2011,17,Wolves,17,14,-13,17,30
2011,17,Wigan,18,13,-15,15,30
2011,17,Blackburn,19,10,-13,23,36
2011,17,Bolton,20,9,-18,20,38
2011,18,Man City,1,44,38,53,15
2011,18,Man Utd,2,42,28,42,14
2011,18,Spurs,3,38,15,34,19
2011,18,Chelsea,4,33,15,35,20
2011,18,Arsenal,5,32,8,33,25
2011,18,Liverpool,6,30,7,20,13
2011,18,Newcastle,7,27,1,23,22
2011,18,Stoke City,8,24,-10,18,28
2011,18,Norwich,9,21,-4,27,31
2011,18,West Brom,10,21,-7,19,26
2011,18,Everton,11,20,-4,17,21
2011,18,Aston Villa,12,19,-4,19,23
2011,18,Fulham,13,18,-5,18,23
2011,18,Swansea,14,18,-5,16,21
2011,18,Sunderland,15,17,0,21,21
2011,18,QPR,16,16,-14,17,31
2011,18,Wolves,17,15,-13,19,32
2011,18,Wigan,18,14,-15,15,30
2011,18,Bolton,19,12,-17,22,39
2011,18,Blackburn,20,10,-14,24,38
2011,19,Man City,1,45,38,53,15
2011,19,Man Utd,2,45,33,47,14
2011,19,Spurs,3,41,17,36,19
2011,19,Chelsea,4,34,15,36,21
2011,19,Arsenal,5,33,8,34,26
2011,19,Liverpool,6,31,7,21,14
2011,19,Newcastle,7,30,3,25,22
2011,19,Stoke City,8,25,-10,18,28
2011,19,West Brom,9,22,-7,19,26
2011,19,Everton,10,21,-4,18,22
2011,19,Norwich,11,21,-6,27,33
2011,19,Aston Villa,12,20,-4,19,23
2011,19,Fulham,13,19,-5,19,24
2011,19,Swansea,14,19,-5,17,22
2011,19,Sunderland,15,18,0,22,22
2011,19,QPR,16,17,-14,18,32
2011,19,Wolves,17,16,-13,20,33
2011,19,Wigan,18,14,-20,15,35
2011,19,Bolton,19,12,-19,22,41
2011,19,Blackburn,20,11,-14,25,39
2011,20,Man City,1,45,37,53,16
2011,20,Man Utd,2,45,32,49,17
2011,20,Spurs,3,42,17,37,20
2011,20,Arsenal,4,36,9,35,26
2011,20,Chelsea,5,34,13,37,24
2011,20,Liverpool,6,34,9,24,15
2011,20,Newcastle,7,30,1,26,25
2011,20,Stoke City,8,26,-10,20,30
2011,20,Everton,9,24,-3,19,22
2011,20,Aston Villa,10,23,-2,22,24
2011,20,Norwich,11,22,-6,28,34
2011,20,West Brom,12,22,-8,19,27
2011,20,Sunderland,13,21,1,23,22
2011,20,Fulham,14,20,-5,20,25
2011,20,Swansea,15,20,-5,18,23
2011,20,Wolves,16,17,-13,21,34
2011,20,QPR,17,17,-15,18,33
2011,20,Wigan,18,15,-20,17,37
2011,20,Blackburn,19,14,-13,28,41
2011,20,Bolton,20,13,-19,23,42
2011,21,Man City,1,48,40,56,16
2011,21,Man Utd,2,45,29,49,20
2011,21,Spurs,3,45,18,38,20
2011,21,Chelsea,4,37,14,39,25
2011,21,Arsenal,5,36,8,36,28
2011,21,Liverpool,6,34,6,24,18
2011,21,Newcastle,7,33,4,29,25
2011,21,Stoke City,8,29,-9,22,31
2011,21,Norwich,9,25,-5,30,35
2011,21,Sunderland,10,24,4,27,23
2011,21,Everton,11,24,-4,20,24
2011,21,Swansea,12,23,-3,20,23
2011,21,Aston Villa,13,23,-4,22,26
2011,21,Fulham,14,23,-4,22,26
2011,21,West Brom,15,22,-9,19,28
2011,21,Wolves,16,17,-14,22,36
2011,21,QPR,17,17,-16,19,35
2011,21,Bolton,18,16,-18,25,43
2011,21,Wigan,19,15,-23,18,41
2011,21,Blackburn,20,14,-14,29,43
2011,22,Man City,1,51,41,57,16
2011,22,Man Utd,2,48,32,52,20
2011,22,Spurs,3,46,18,39,21
2011,22,Chelsea,4,40,15,40,25
2011,22,Arsenal,5,36,7,38,31
2011,22,Newcastle,6,36,5,30,25
2011,22,Liverpool,7,35,6,24,18
2011,22,Stoke City,8,30,-9,22,31
2011,22,Norwich,9,28,-4,32,36
2011,22,Swansea,10,26,-2,23,25
2011,22,Everton,11,25,-4,21,25
2011,22,Sunderland,12,24,3,27,24
2011,22,Aston Villa,13,24,-4,23,27
2011,22,Fulham,14,23,-6,23,29
2011,22,West Brom,15,22,-10,20,30
2011,22,Wolves,16,18,-14,23,37
2011,22,Blackburn,17,17,-12,32,44
2011,22,QPR,18,17,-17,19,36
2011,22,Bolton,19,16,-21,25,46
2011,22,Wigan,20,15,-24,18,42
2011,23,Man City,1,54,42,60,18
2011,23,Man Utd,2,51,33,54,21
2011,23,Spurs,3,46,17,41,24
2011,23,Chelsea,4,41,15,40,25
2011,23,Arsenal,5,36,6,39,33
2011,23,Newcastle,6,36,2,32,30
2011,23,Liverpool,7,35,4,25,21
2011,23,Stoke City,8,30,-10,23,33
2011,23,Norwich,9,29,-4,32,36
2011,23,Sunderland,10,27,5,29,24
2011,23,Aston Villa,11,27,-3,26,29
2011,23,Fulham,12,26,-3,28,31
2011,23,Swansea,13,26,-4,23,27
2011,23,Everton,14,26,-4,22,26
2011,23,West Brom,15,25,-9,22,31
2011,23,QPR,16,20,-15,22,37
2011,23,Bolton,17,19,-19,28,47
2011,23,Blackburn,18,18,-12,33,45
2011,23,Wolves,19,18,-15,25,40
2011,23,Wigan,20,15,-26,19,45
2011,24,Man City,1,54,41,60,19
2011,24,Man Utd,2,54,35,56,21
2011,24,Spurs,3,49,19,44,25
2011,24,Chelsea,4,42,15,41,26
2011,24,Newcastle,5,39,4,34,30
2011,24,Liverpool,6,38,7,28,21
2011,24,Arsenal,7,37,6,39,33
2011,24,Sunderland,8,30,8,32,24
2011,24,Stoke City,9,30,-12,23,35
2011,24,Everton,10,29,-3,23,26
2011,24,Norwich,11,29,-7,32,39
2011,24,Aston Villa,12,28,-3,28,31
2011,24,Fulham,13,27,-3,29,32
2011,24,Swansea,14,27,-4,24,28
2011,24,West Brom,15,26,-9,23,32
2011,24,QPR,16,21,-15,24,39
2011,24,Bolton,17,20,-19,28,47
2011,24,Blackburn,18,18,-14,33,47
2011,24,Wolves,19,18,-18,25,43
2011,24,Wigan,20,15,-28,20,48
2011,25,Man City,1,57,44,63,19
2011,25,Man Utd,2,55,35,59,24
2011,25,Spurs,3,50,19,44,25
2011,25,Chelsea,4,43,15,44,29
2011,25,Newcastle,5,42,5,36,31
2011,25,Arsenal,6,40,12,46,34
2011,25,Liverpool,7,39,7,28,21
2011,25,Sunderland,8,33,9,33,24
2011,25,Norwich,9,32,-5,34,39
2011,25,Swansea,10,30,-3,26,29
2011,25,Everton,11,30,-3,24,27
2011,25,Stoke City,12,30,-13,23,36
2011,25,Aston Villa,13,28,-4,29,33
2011,25,Fulham,14,27,-6,29,35
2011,25,West Brom,15,26,-10,24,34
2011,25,QPR,16,21,-16,25,41
2011,25,Wolves,17,21,-17,27,44
2011,25,Bolton,18,20,-21,28,49
2011,25,Blackburn,19,18,-20,34,54
2011,25,Wigan,20,16,-28,21,49
2011,26,Man City,1,60,45,64,19
2011,26,Man Utd,2,58,36,61,25
2011,26,Spurs,3,53,24,49,25
2011,26,Arsenal,4,43,13,48,35
2011,26,Chelsea,5,43,13,44,31
2011,26,Newcastle,6,42,0,36,36
2011,26,Liverpool,7,39,6,29,23
2011,26,Norwich,8,35,-4,37,41
2011,26,Sunderland,9,33,8,34,26
2011,26,Everton,10,33,-1,26,27
2011,26,Swansea,11,30,-4,28,32
2011,26,Fulham,12,30,-5,31,36
2011,26,Stoke City,13,30,-14,24,38
2011,26,West Brom,14,29,-6,29,35
2011,26,Aston Villa,15,28,-5,29,34
2011,26,QPR,16,21,-17,27,44
2011,26,Blackburn,17,21,-19,37,56
2011,26,Wolves,18,21,-21,28,49
2011,26,Bolton,19,20,-22,29,51
2011,26,Wigan,20,19,-27,23,50
2011,27,Man City,1,63,48,67,19
2011,27,Man Utd,2,61,37,63,26
2011,27,Spurs,3,53,21,51,30
2011,27,Arsenal,4,46,16,53,37
2011,27,Chelsea,5,46,16,47,31
2011,27,Newcastle,6,43,0,38,38
2011,27,Liverpool,7,42,9,32,23
2011,27,Norwich,8,35,-5,38,43
2011,27,Sunderland,9,33,4,34,30
2011,27,Fulham,10,33,-4,32,36
2011,27,Everton,11,33,-4,26,30
2011,27,Stoke City,12,33,-12,26,38
2011,27,West Brom,13,32,-2,33,35
2011,27,Swansea,14,30,-6,28,34
2011,27,Aston Villa,15,29,-5,29,34
2011,27,Wolves,16,22,-21,30,51
2011,27,QPR,17,21,-18,27,45
2011,27,Blackburn,18,21,-22,37,59
2011,27,Bolton,19,20,-25,29,54
2011,27,Wigan,20,20,-27,23,50
2011,28,Man City,1,66,50,69,19
2011,28,Man Utd,2,64,39,66,27
2011,28,Spurs,3,53,19,52,33
2011,28,Arsenal,4,49,17,55,38
2011,28,Chelsea,5,46,15,47,32
2011,28,Newcastle,6,44,0,39,39
2011,28,Liverpool,7,42,8,33,25
2011,28,Fulham,8,36,1,37,36
2011,28,Stoke City,9,36,-11,27,38
2011,28,West Brom,10,35,-1,34,35
2011,28,Norwich,11,35,-6,38,44
2011,28,Sunderland,12,34,4,35,31
2011,28,Everton,13,34,-4,27,31
2011,28,Swansea,14,33,-4,30,34
2011,28,Aston Villa,15,30,-5,30,35
2011,28,QPR,16,22,-18,28,46
2011,28,Blackburn,17,22,-22,38,60
2011,28,Wolves,18,22,-26,30,56
2011,28,Bolton,19,20,-27,29,56
2011,28,Wigan,20,20,-29,23,52
2011,29,Man Utd,1,67,41,68,27
2011,29,Man City,2,66,49,69,20
2011,29,Spurs,3,53,18,52,34
2011,29,Arsenal,4,52,18,57,39
2011,29,Chelsea,5,49,16,48,32
2011,29,Newcastle,6,44,-1,40,41
2011,29,Liverpool,7,42,7,33,26
2011,29,Sunderland,8,37,5,36,31
2011,29,Everton,9,37,-3,28,31
2011,29,Fulham,10,36,0,37,37
2011,29,Swansea,11,36,-3,31,34
2011,29,Norwich,12,36,-6,39,45
2011,29,Stoke City,13,36,-12,27,39
2011,29,West Brom,14,35,-3,34,37
2011,29,Aston Villa,15,33,-4,31,35
2011,29,Blackburn,16,25,-20,40,60
2011,29,Bolton,17,23,-26,31,57
2011,29,QPR,18,22,-19,29,48
2011,29,Wolves,19,22,-28,30,58
2011,29,Wigan,20,21,-29,24,53
2011,30,Man Utd,1,70,46,73,27
2011,30,Man City,2,69,50,71,21
2011,30,Arsenal,3,55,19,58,39
2011,30,Spurs,4,54,18,53,35
2011,30,Chelsea,5,49,15,49,34
2011,30,Newcastle,6,47,0,41,41
2011,30,Liverpool,7,42,6,35,29
2011,30,Swansea,8,39,0,34,34
2011,30,Sunderland,9,37,3,36,33
2011,30,Everton,10,37,-4,28,32
2011,30,Stoke City,11,37,-12,28,40
2011,30,Fulham,12,36,-3,37,40
2011,30,West Brom,13,36,-3,35,38
2011,30,Norwich,14,36,-7,39,46
2011,30,Aston Villa,15,33,-5,32,37
2011,30,Blackburn,16,28,-18,42,60
2011,30,Bolton,17,26,-25,33,58
2011,30,QPR,18,25,-18,32,50
2011,30,Wigan,19,22,-29,25,54
2011,30,Wolves,20,22,-33,30,63
2011,31,Man Utd,1,73,47,74,27
2011,31,Man City,2,70,50,72,22
2011,31,Arsenal,3,58,22,61,39
2011,31,Spurs,4,55,18,53,35
2011,31,Chelsea,5,50,15,49,34
2011,31,Newcastle,6,50,2,44,42
2011,31,Liverpool,7,42,5,36,31
2011,31,Sunderland,8,40,5,39,34
2011,31,Everton,9,40,-2,30,32
2011,31,Swansea,10,39,-2,34,36
2011,31,Norwich,11,39,-6,41,47
2011,31,Stoke City,12,38,-12,29,41
2011,31,Fulham,13,36,-4,37,41
2011,31,West Brom,14,36,-5,36,41
2011,31,Aston Villa,15,33,-8,32,40
2011,31,Bolton,16,29,-24,35,59
2011,31,Blackburn,17,28,-19,43,62
2011,31,QPR,18,25,-20,33,53
2011,31,Wigan,19,25,-28,27,55
2011,31,Wolves,20,22,-34,31,65
2011,32,Man Utd,1,76,49,76,27
2011,32,Man City,2,71,50,75,25
2011,32,Arsenal,3,58,21,62,41
2011,32,Spurs,4,58,20,56,36
2011,32,Chelsea,5,53,17,53,36
2011,32,Newcastle,6,53,4,46,42
2011,32,Everton,7,43,0,32,32
2011,32,Liverpool,8,42,3,36,33
2011,32,Sunderland,9,41,5,42,37
2011,32,Fulham,10,39,-3,39,42
2011,32,Swansea,11,39,-4,35,39
2011,32,Norwich,12,39,-7,42,49
2011,32,Stoke City,13,38,-14,29,43
2011,32,West Brom,14,36,-7,36,43
2011,32,Aston Villa,15,33,-10,34,44
2011,32,Bolton,16,32,-23,38,61
2011,32,QPR,17,28,-19,35,54
2011,32,Blackburn,18,28,-21,43,64
2011,32,Wigan,19,28,-26,29,55
2011,32,Wolves,20,22,-35,33,68
2011,33,Man Utd,1,79,51,78,27
2011,33,Man City,2,71,49,75,26
2011,33,Arsenal,3,61,22,63,41
2011,33,Spurs,4,59,20,56,36
2011,33,Chelsea,5,56,18,55,37
2011,33,Newcastle,6,56,6,48,42
2011,33,Everton,7,44,0,34,34
2011,33,Liverpool,8,43,3,37,34
2011,33,Sunderland,9,42,5,42,37
2011,33,Fulham,10,42,0,42,42
2011,33,Stoke City,11,41,-13,31,44
2011,33,Norwich,12,40,-7,44,51
2011,33,West Brom,13,39,-4,39,43
2011,33,Swansea,14,39,-6,35,41
2011,33,Aston Villa,15,34,-10,35,45
2011,33,Bolton,16,32,-26,38,64
2011,33,QPR,17,28,-21,35,56
2011,33,Blackburn,18,28,-24,43,67
2011,33,Wigan,19,28,-27,30,57
2011,33,Wolves,20,22,-36,34,70
2011,34,Man Utd,1,79,50,78,28
2011,34,Man City,2,74,53,79,26
2011,34,Arsenal,3,64,25,66,41
2011,34,Spurs,4,59,19,57,38
2011,34,Newcastle,5,59,8,50,42
2011,34,Chelsea,6,57,18,56,38
2011,34,Everton,7,47,4,38,34
2011,34,Liverpool,8,46,4,40,36
2011,34,Fulham,9,43,0,43,43
2011,34,Norwich,10,43,-6,46,52
2011,34,Sunderland,11,42,1,42,41
2011,34,Stoke City,12,42,-13,32,45
2011,34,West Brom,13,39,-8,39,47
2011,34,Swansea,14,39,-9,35,44
2011,34,Aston Villa,15,35,-10,36,46
2011,34,Bolton,16,32,-28,38,66
2011,34,QPR,17,31,-18,38,56
2011,34,Wigan,18,31,-26,31,57
2011,34,Blackburn,19,28,-25,45,70
2011,34,Wolves,20,22,-39,34,73
2011,35,Man Utd,1,82,54,82,28
2011,35,Man City,2,77,58,85,27
2011,35,Arsenal,3,64,24,67,43
2011,35,Spurs,4,62,22,61,39
2011,35,Newcastle,5,62,10,52,42
2011,35,Chelsea,6,57,16,56,40
2011,35,Everton,7,48,4,39,35
2011,35,Liverpool,8,46,3,40,37
2011,35,Fulham,9,46,1,44,43
2011,35,Sunderland,10,43,1,42,41
2011,35,Norwich,11,43,-11,47,58
2011,35,Stoke City,12,43,-13,33,46
2011,35,Swansea,13,42,-6,38,44
2011,35,West Brom,14,42,-7,40,47
2011,35,Aston Villa,15,35,-14,36,50
2011,35,Wigan,16,34,-25,33,58
2011,35,Bolton,17,32,-31,39,70
2011,35,QPR,18,31,-19,38,57
2011,35,Blackburn,19,28,-28,45,73
2011,35,Wolves,20,23,-39,34,73
2011,36,Man Utd,1,83,54,86,32
2011,36,Man City,2,80,60,87,27
2011,36,Arsenal,3,65,24,67,43
2011,36,Newcastle,4,65,13,55,42
2011,36,Spurs,5,62,21,61,40
2011,36,Chelsea,6,58,16,56,40
2011,36,Everton,7,49,4,43,39
2011,36,Fulham,8,49,2,46,44
2011,36,Liverpool,9,46,2,40,38
2011,36,West Brom,10,45,-6,41,47
2011,36,Sunderland,11,44,1,42,41
2011,36,Swansea,12,43,-6,39,45
2011,36,Norwich,13,43,-13,47,60
2011,36,Stoke City,14,43,-16,33,49
2011,36,Aston Villa,15,36,-14,36,50
2011,36,QPR,16,34,-18,39,57
2011,36,Wigan,17,34,-26,34,60
2011,36,Bolton,18,33,-31,40,71
2011,36,Blackburn,19,31,-26,47,73
2011,36,Wolves,20,23,-41,34,75
2011,37,Man City,1,83,61,88,27
2011,37,Man Utd,2,83,53,86,33
2011,37,Arsenal,3,66,24,68,44
2011,37,Spurs,4,65,23,63,40
2011,37,Newcastle,5,65,9,55,46
2011,37,Chelsea,6,61,21,62,41
2011,37,Everton,7,52,8,47,39
2011,37,Liverpool,8,49,5,43,38
2011,37,Fulham,9,49,-2,46,48
2011,37,West Brom,10,46,-6,41,47
2011,37,Sunderland,11,45,1,44,43
2011,37,Swansea,12,44,-6,43,49
2011,37,Stoke City,13,44,-16,34,50
2011,37,Norwich,14,43,-16,47,63
2011,37,Aston Villa,15,37,-14,36,50
2011,37,Wigan,16,37,-22,38,60
2011,37,QPR,17,34,-23,40,63
2011,37,Bolton,18,34,-31,42,73
2011,37,Blackburn,19,31,-28,47,75
2011,37,Wolves,20,24,-41,38,79
2011,38,Man City,1,86,63,90,27
2011,38,Man Utd,2,86,55,88,33
2011,38,Arsenal,3,67,24,71,47
2011,38,Spurs,4,66,23,64,41
2011,38,Newcastle,5,65,7,55,48
2011,38,Chelsea,6,61,18,63,45
2011,38,Everton,7,53,8,47,39
2011,38,Liverpool,8,52,8,47,39
2011,38,Fulham,9,52,-1,48,49
2011,38,West Brom,10,47,-6,43,49
2011,38,Sunderland,11,45,0,45,45
2011,38,Swansea,12,44,-8,43,51
2011,38,Norwich,13,44,-16,50,66
2011,38,Stoke City,14,44,-17,34,51
2011,38,Wigan,15,40,-21,39,60
2011,38,Aston Villa,16,38,-14,37,51
2011,38,QPR,17,37,-22,41,63
2011,38,Bolton,18,35,-31,44,75
2011,38,Blackburn,19,31,-29,47,76
2011,38,Wolves,20,25,-41,38,79
2011,39,Man City,1,89,64,93,29
2011,39,Man Utd,2,89,56,89,33
2011,39,Arsenal,3,70,25,74,49
2011,39,Spurs,4,69,25,66,41
2011,39,Newcastle,5,65,5,56,51
2011,39,Chelsea,6,64,19,65,46
2011,39,Everton,7,56,10,50,40
2011,39,Liverpool,8,52,7,47,40
2011,39,Fulham,9,52,-3,48,51
2011,39,West Brom,10,47,-7,45,52
2011,39,Swansea,11,47,-7,44,51
2011,39,Norwich,12,47,-14,52,66
2011,39,Sunderland,13,45,-1,45,46
2011,39,Stoke City,14,45,-17,36,53
2011,39,Wigan,15,43,-20,42,62
2011,39,Aston Villa,16,38,-16,37,53
2011,39,QPR,17,37,-23,43,66
2011,39,Bolton,18,36,-31,46,77
2011,39,Blackburn,19,31,-30,48,78
2011,39,Wolves,20,25,-42,40,82
