match_year,match_round,team,team_rank,team_points,team_goal_difference,team_goal_fatti,team_goal_subiti
2017,2,Bor. Dortmund,1,3,3,3,0
2017,2,Bayern Munich,2,3,2,3,1
2017,2,Hertha BSC,3,3,2,2,0
2017,2,FC Schalke 04,4,3,2,2,0
2017,2,TSG Hoffenheim,5,3,1,1,0
2017,2,Bor. M'gladbach,6,3,1,1,0
2017,2,Hamburger SV,7,3,1,1,0
2017,2,Hannover 96,8,3,1,1,0
2017,2,SC Freiburg,9,1,0,0,0
2017,2,E. Frankfurt,10,1,0,0,0
2017,2,1. FC Köln,11,0,-1,0,1
2017,2,Werder Bremen,12,0,-1,0,1
2017,2,FC Augsburg,13,0,-1,0,1
2017,2,1.FSV Mainz 05,14,0,-1,0,1
2017,2,Bay. Leverkusen,15,0,-2,1,3
2017,2,RB Leipzig,16,0,-2,0,2
2017,2,VfB Stuttgart,17,0,-2,0,2
2017,2,VfL Wolfsburg,18,0,-3,0,3
2017,3,Bor. Dortmund,1,6,5,5,0
2017,3,Bayern Munich,2,6,4,5,1
2017,3,Hamburger SV,3,6,3,4,1
2017,3,Hannover 96,4,6,2,2,0
2017,3,TSG Hoffenheim,5,4,1,3,2
2017,3,Bor. M'gladbach,6,4,1,3,2
2017,3,RB Leipzig,7,3,1,4,3
2017,3,FC Schalke 04,8,3,1,2,1
2017,3,Hertha BSC,9,3,0,2,2
2017,3,VfB Stuttgart,10,3,-1,1,2
2017,3,VfL Wolfsburg,11,3,-2,1,3
2017,3,FC Augsburg,12,1,-1,2,3
2017,3,E. Frankfurt,13,1,-1,0,1
2017,3,Bay. Leverkusen,14,1,-2,3,5
2017,3,SC Freiburg,15,1,-3,1,4
2017,3,1.FSV Mainz 05,16,0,-2,0,2
2017,3,1. FC Köln,17,0,-3,1,4
2017,3,Werder Bremen,18,0,-3,0,3
2017,4,Bor. Dortmund,1,7,5,5,0
2017,4,TSG Hoffenheim,2,7,3,5,2
2017,4,Hannover 96,3,7,2,3,1
2017,4,RB Leipzig,4,6,3,6,3
2017,4,FC Schalke 04,5,6,3,5,2
2017,4,Bayern Munich,6,6,2,5,3
2017,4,Hamburger SV,7,6,1,4,3
2017,4,FC Augsburg,8,4,2,5,3
2017,4,Hertha BSC,9,4,0,3,3
2017,4,Bor. M'gladbach,10,4,0,3,3
2017,4,E. Frankfurt,11,4,0,1,1
2017,4,VfL Wolfsburg,12,4,-2,2,4
2017,4,1.FSV Mainz 05,13,3,0,3,3
2017,4,VfB Stuttgart,14,3,-3,2,5
2017,4,SC Freiburg,15,2,-3,1,4
2017,4,Werder Bremen,16,1,-3,1,4
2017,4,Bay. Leverkusen,17,1,-4,4,8
2017,4,1. FC Köln,18,0,-6,1,7
2017,5,Bor. Dortmund,1,10,10,10,0
2017,5,Hannover 96,2,10,4,5,1
2017,5,Bayern Munich,3,9,6,9,3
2017,5,FC Schalke 04,4,9,4,7,3
2017,5,TSG Hoffenheim,5,8,3,6,3
2017,5,RB Leipzig,6,7,3,8,5
2017,5,FC Augsburg,7,7,3,7,4
2017,5,Hamburger SV,8,6,-1,4,5
2017,5,VfB Stuttgart,9,6,-2,3,5
2017,5,Bor. M'gladbach,10,5,0,5,5
2017,5,Hertha BSC,11,5,0,4,4
2017,5,Bay. Leverkusen,12,4,0,8,8
2017,5,E. Frankfurt,13,4,-1,2,3
2017,5,VfL Wolfsburg,14,4,-3,2,5
2017,5,1.FSV Mainz 05,15,3,-4,3,7
2017,5,SC Freiburg,16,2,-7,1,8
2017,5,Werder Bremen,17,1,-4,2,6
2017,5,1. FC Köln,18,0,-11,1,12
2017,6,Bor. Dortmund,1,13,13,13,0
2017,6,Bayern Munich,2,12,9,12,3
2017,6,TSG Hoffenheim,3,11,4,9,5
2017,6,Hannover 96,4,11,4,6,2
2017,6,FC Augsburg,5,10,4,8,4
2017,6,FC Schalke 04,6,9,1,7,6
2017,6,Bor. M'gladbach,7,8,2,7,5
2017,6,Hertha BSC,8,8,1,6,5
2017,6,RB Leipzig,9,7,2,8,6
2017,6,E. Frankfurt,10,7,0,3,3
2017,6,Hamburger SV,11,6,-4,4,8
2017,6,VfB Stuttgart,12,6,-4,3,7
2017,6,VfL Wolfsburg,13,5,-3,3,6
2017,6,Bay. Leverkusen,14,4,-1,9,10
2017,6,1.FSV Mainz 05,15,3,-5,5,10
2017,6,SC Freiburg,16,3,-7,2,9
2017,6,Werder Bremen,17,2,-4,3,7
2017,6,1. FC Köln,18,0,-12,1,13
2017,7,Bor. Dortmund,1,16,18,19,1
2017,7,TSG Hoffenheim,2,14,6,11,5
2017,7,Bayern Munich,3,13,9,14,5
2017,7,Hannover 96,4,12,4,6,2
2017,7,FC Augsburg,5,11,4,8,4
2017,7,RB Leipzig,6,10,3,10,7
2017,7,FC Schalke 04,7,9,-1,7,8
2017,7,Hertha BSC,8,8,0,6,6
2017,7,Bor. M'gladbach,9,8,-3,8,11
2017,7,Bay. Leverkusen,10,7,2,12,10
2017,7,E. Frankfurt,11,7,-1,4,5
2017,7,VfB Stuttgart,12,7,-4,3,7
2017,7,VfL Wolfsburg,13,6,-3,5,8
2017,7,1.FSV Mainz 05,14,6,-4,6,10
2017,7,Hamburger SV,15,6,-7,4,11
2017,7,SC Freiburg,16,4,-7,2,9
2017,7,Werder Bremen,17,3,-4,3,7
2017,7,1. FC Köln,18,1,-12,1,13
2017,8,Bor. Dortmund,1,19,19,21,2
2017,8,Bayern Munich,2,14,9,16,7
2017,8,TSG Hoffenheim,3,14,5,13,8
2017,8,RB Leipzig,4,13,4,12,8
2017,8,Hannover 96,5,12,3,7,4
2017,8,FC Augsburg,6,11,3,9,6
2017,8,Bor. M'gladbach,7,11,-2,10,12
2017,8,E. Frankfurt,8,10,0,6,6
2017,8,FC Schalke 04,9,10,-1,8,9
2017,8,Hertha BSC,10,9,0,8,8
2017,8,Bay. Leverkusen,11,8,2,13,11
2017,8,VfL Wolfsburg,12,7,-3,6,9
2017,8,1.FSV Mainz 05,13,7,-4,7,11
2017,8,VfB Stuttgart,14,7,-5,4,9
2017,8,SC Freiburg,15,7,-6,5,11
2017,8,Hamburger SV,16,7,-7,4,11
2017,8,Werder Bremen,17,4,-4,3,7
2017,8,1. FC Köln,18,1,-13,2,15
2017,9,Bor. Dortmund,1,19,18,23,5
2017,9,Bayern Munich,2,17,14,21,7
2017,9,RB Leipzig,3,16,5,15,10
2017,9,TSG Hoffenheim,4,15,5,15,10
2017,9,Bor. M'gladbach,5,14,0,12,12
2017,9,FC Schalke 04,6,13,1,10,9
2017,9,E. Frankfurt,7,13,1,8,7
2017,9,FC Augsburg,8,12,3,11,8
2017,9,Hannover 96,9,12,2,8,6
2017,9,1.FSV Mainz 05,10,10,-3,10,13
2017,9,VfB Stuttgart,11,10,-4,6,10
2017,9,Bay. Leverkusen,12,9,2,15,13
2017,9,Hertha BSC,13,9,-2,8,10
2017,9,VfL Wolfsburg,14,8,-3,8,11
2017,9,Hamburger SV,15,7,-8,6,14
2017,9,SC Freiburg,16,7,-11,5,16
2017,9,Werder Bremen,17,4,-6,3,9
2017,9,1. FC Köln,18,1,-14,3,17
2017,10,Bor. Dortmund,1,20,18,25,7
2017,10,Bayern Munich,2,20,15,22,7
2017,10,RB Leipzig,3,19,6,16,10
2017,10,TSG Hoffenheim,4,16,5,16,11
2017,10,FC Schalke 04,5,16,3,12,9
2017,10,Hannover 96,6,15,3,10,7
2017,10,E. Frankfurt,7,14,1,10,9
2017,10,Bor. M'gladbach,8,14,-4,13,17
2017,10,Bay. Leverkusen,9,12,6,20,14
2017,10,FC Augsburg,10,12,2,12,10
2017,10,Hertha BSC,11,10,-2,9,11
2017,10,1.FSV Mainz 05,12,10,-5,10,15
2017,10,VfB Stuttgart,13,10,-5,6,11
2017,10,VfL Wolfsburg,14,9,-3,9,12
2017,10,SC Freiburg,15,8,-11,6,17
2017,10,Hamburger SV,16,7,-9,6,15
2017,10,Werder Bremen,17,5,-6,3,9
2017,10,1. FC Köln,18,2,-14,3,17
2017,11,Bayern Munich,1,23,17,24,7
2017,11,Bor. Dortmund,2,20,16,27,11
2017,11,RB Leipzig,3,19,4,16,12
2017,11,Hannover 96,4,18,5,14,9
2017,11,FC Schalke 04,5,17,3,13,10
2017,11,Bor. M'gladbach,6,17,-2,16,18
2017,11,TSG Hoffenheim,7,16,3,17,14
2017,11,Bay. Leverkusen,8,15,7,22,15
2017,11,FC Augsburg,9,15,5,15,10
2017,11,E. Frankfurt,10,15,1,11,10
2017,11,Hertha BSC,11,13,-1,11,12
2017,11,VfB Stuttgart,12,13,-2,9,11
2017,11,1.FSV Mainz 05,13,11,-5,11,16
2017,11,VfL Wolfsburg,14,10,-3,10,13
2017,11,SC Freiburg,15,8,-14,6,20
2017,11,Hamburger SV,16,7,-10,7,17
2017,11,Werder Bremen,17,5,-9,3,12
2017,11,1. FC Köln,18,2,-15,4,19
2017,12,Bayern Munich,1,26,19,27,8
2017,12,RB Leipzig,2,22,5,18,13
2017,12,Bor. Dortmund,3,20,14,28,14
2017,12,FC Schalke 04,4,20,4,14,10
2017,12,TSG Hoffenheim,5,19,6,20,14
2017,12,Hannover 96,6,18,4,15,11
2017,12,E. Frankfurt,7,18,2,13,11
2017,12,Bor. M'gladbach,8,18,-2,17,19
2017,12,Bay. Leverkusen,9,16,7,23,16
2017,12,FC Augsburg,10,16,5,16,11
2017,12,Hertha BSC,11,14,-1,14,15
2017,12,VfB Stuttgart,12,13,-4,10,14
2017,12,1.FSV Mainz 05,13,12,-5,12,17
2017,12,VfL Wolfsburg,14,11,-3,13,16
2017,12,Hamburger SV,15,10,-8,10,18
2017,12,SC Freiburg,16,8,-15,6,21
2017,12,Werder Bremen,17,5,-10,4,14
2017,12,1. FC Köln,18,2,-18,4,22
2017,13,Bayern Munich,1,29,22,30,8
2017,13,FC Schalke 04,2,23,6,16,10
2017,13,RB Leipzig,3,23,5,20,15
2017,13,Bor. M'gladbach,4,21,0,21,21
2017,13,Bor. Dortmund,5,20,13,29,16
2017,13,TSG Hoffenheim,6,20,6,21,15
2017,13,E. Frankfurt,7,19,2,14,12
2017,13,Hannover 96,8,18,0,15,15
2017,13,Bay. Leverkusen,9,17,7,25,18
2017,13,FC Augsburg,10,16,2,16,14
2017,13,VfB Stuttgart,11,16,-3,12,15
2017,13,1.FSV Mainz 05,12,15,-4,13,17
2017,13,VfL Wolfsburg,13,14,-1,16,17
2017,13,Hertha BSC,14,14,-3,16,19
2017,13,Hamburger SV,15,10,-10,10,20
2017,13,Werder Bremen,16,8,-6,8,14
2017,13,SC Freiburg,17,8,-17,7,24
2017,13,1. FC Köln,18,2,-19,4,23
2017,14,Bayern Munich,1,29,21,31,10
2017,14,RB Leipzig,2,26,7,22,15
2017,14,FC Schalke 04,3,24,6,20,14
2017,14,Bor. M'gladbach,4,24,1,23,22
2017,14,Bor. Dortmund,5,21,13,33,20
2017,14,Bay. Leverkusen,6,20,8,26,18
2017,14,TSG Hoffenheim,7,20,3,21,18
2017,14,FC Augsburg,8,19,3,18,15
2017,14,E. Frankfurt,9,19,1,14,13
2017,14,Hannover 96,10,19,0,16,16
2017,14,Hertha BSC,11,17,-1,18,19
2017,14,VfB Stuttgart,12,17,-3,13,16
2017,14,1.FSV Mainz 05,13,15,-5,14,19
2017,14,VfL Wolfsburg,14,14,-2,17,19
2017,14,Hamburger SV,15,13,-7,13,20
2017,14,SC Freiburg,16,11,-16,9,25
2017,14,Werder Bremen,17,8,-8,8,16
2017,14,1. FC Köln,18,2,-21,4,25
2017,15,Bayern Munich,1,32,23,34,11
2017,15,RB Leipzig,2,26,3,22,19
2017,15,FC Schalke 04,3,25,6,22,16
2017,15,Bor. M'gladbach,4,24,-2,23,25
2017,15,TSG Hoffenheim,5,23,7,25,18
2017,15,Bor. Dortmund,6,22,13,34,21
2017,15,FC Augsburg,7,22,5,21,16
2017,15,E. Frankfurt,8,22,2,16,14
2017,15,Bay. Leverkusen,9,21,8,27,19
2017,15,Hannover 96,10,19,-2,17,19
2017,15,VfL Wolfsburg,11,17,1,20,19
2017,15,Hertha BSC,12,17,-2,19,21
2017,15,VfB Stuttgart,13,17,-4,13,17
2017,15,1.FSV Mainz 05,14,15,-7,15,22
2017,15,Hamburger SV,15,14,-7,13,20
2017,15,SC Freiburg,16,12,-16,9,25
2017,15,Werder Bremen,17,11,-7,9,16
2017,15,1. FC Köln,18,3,-21,6,27
2017,16,Bayern Munich,1,35,24,35,11
2017,16,RB Leipzig,2,27,3,24,21
2017,16,FC Schalke 04,3,26,6,23,17
2017,16,Bor. M'gladbach,4,25,-2,24,26
2017,16,Bay. Leverkusen,5,24,10,29,19
2017,16,TSG Hoffenheim,6,23,5,25,20
2017,16,FC Augsburg,7,23,5,22,17
2017,16,Bor. Dortmund,8,22,12,35,23
2017,16,E. Frankfurt,9,22,1,16,15
2017,16,Hannover 96,10,22,0,19,19
2017,16,VfL Wolfsburg,11,18,1,20,19
2017,16,Hertha BSC,12,18,-2,20,22
2017,16,VfB Stuttgart,13,17,-6,13,19
2017,16,1.FSV Mainz 05,14,16,-7,17,24
2017,16,Hamburger SV,15,15,-7,13,20
2017,16,SC Freiburg,16,15,-15,13,28
2017,16,Werder Bremen,17,14,-6,11,17
2017,16,1. FC Köln,18,3,-22,9,31
2017,17,Bayern Munich,1,38,25,36,11
2017,17,FC Schalke 04,2,29,7,26,19
2017,17,RB Leipzig,3,28,3,25,22
2017,17,Bay. Leverkusen,4,27,11,30,19
2017,17,TSG Hoffenheim,5,26,6,26,20
2017,17,Bor. Dortmund,6,25,14,37,23
2017,17,E. Frankfurt,7,25,2,18,16
2017,17,Bor. M'gladbach,8,25,-3,24,27
2017,17,FC Augsburg,9,23,4,24,20
2017,17,Hannover 96,10,22,-2,20,22
2017,17,Hertha BSC,11,21,0,23,23
2017,17,VfL Wolfsburg,12,19,1,21,20
2017,17,SC Freiburg,13,18,-14,14,28
2017,17,VfB Stuttgart,14,17,-7,13,20
2017,17,1.FSV Mainz 05,15,16,-9,17,26
2017,17,Hamburger SV,16,15,-8,14,22
2017,17,Werder Bremen,17,14,-7,11,18
2017,17,1. FC Köln,18,3,-23,9,32
2017,18,Bayern Munich,1,41,26,37,11
2017,18,FC Schalke 04,2,30,7,28,21
2017,18,Bor. Dortmund,3,28,15,39,24
2017,18,Bay. Leverkusen,4,28,11,34,23
2017,18,RB Leipzig,5,28,2,27,25
2017,18,Bor. M'gladbach,6,28,-1,27,28
2017,18,TSG Hoffenheim,7,26,5,27,22
2017,18,E. Frankfurt,8,26,2,20,18
2017,18,FC Augsburg,9,24,4,27,23
2017,18,Hertha BSC,10,24,1,26,25
2017,18,Hannover 96,11,23,-2,24,26
2017,18,VfL Wolfsburg,12,19,0,21,21
2017,18,SC Freiburg,13,19,-14,17,31
2017,18,VfB Stuttgart,14,17,-8,13,21
2017,18,1.FSV Mainz 05,15,17,-9,19,28
2017,18,Werder Bremen,16,15,-7,13,20
2017,18,Hamburger SV,17,15,-10,15,25
2017,18,1. FC Köln,18,6,-22,10,32
2017,19,Bayern Munich,1,44,28,40,12
2017,19,RB Leipzig,2,31,4,30,26
2017,19,FC Schalke 04,3,30,5,29,24
2017,19,Bor. Dortmund,4,29,15,39,24
2017,19,Bay. Leverkusen,5,28,9,35,26
2017,19,Bor. M'gladbach,6,28,-2,28,30
2017,19,TSG Hoffenheim,7,27,5,28,23
2017,19,FC Augsburg,8,27,5,28,23
2017,19,E. Frankfurt,9,27,2,21,19
2017,19,Hannover 96,10,26,-1,27,28
2017,19,Hertha BSC,11,24,0,26,26
2017,19,VfL Wolfsburg,12,20,0,21,21
2017,19,VfB Stuttgart,13,20,-7,14,21
2017,19,SC Freiburg,14,20,-14,18,32
2017,19,1.FSV Mainz 05,15,17,-10,21,31
2017,19,Werder Bremen,16,16,-7,14,21
2017,19,Hamburger SV,17,15,-11,15,26
2017,19,1. FC Köln,18,9,-21,12,33
2017,20,Bayern Munich,1,47,30,44,14
2017,20,Bay. Leverkusen,2,31,12,39,27
2017,20,FC Schalke 04,3,31,5,30,25
2017,20,RB Leipzig,4,31,3,31,28
2017,20,Bor. M'gladbach,5,31,0,30,30
2017,20,Bor. Dortmund,6,30,15,40,25
2017,20,E. Frankfurt,7,30,4,24,20
2017,20,FC Augsburg,8,27,3,28,25
2017,20,TSG Hoffenheim,9,27,2,29,27
2017,20,Hannover 96,10,27,-1,28,29
2017,20,Hertha BSC,11,25,0,27,27
2017,20,SC Freiburg,12,23,-13,20,33
2017,20,VfL Wolfsburg,13,20,-2,22,24
2017,20,VfB Stuttgart,14,20,-8,16,24
2017,20,1.FSV Mainz 05,15,20,-9,24,33
2017,20,Werder Bremen,16,16,-9,16,25
2017,20,Hamburger SV,17,15,-13,15,28
2017,20,1. FC Köln,18,12,-19,14,33
2017,21,Bayern Munich,1,50,33,49,16
2017,21,Bay. Leverkusen,2,34,14,41,27
2017,21,FC Schalke 04,3,34,7,32,25
2017,21,E. Frankfurt,4,33,6,26,20
2017,21,RB Leipzig,5,32,3,32,29
2017,21,Bor. Dortmund,6,31,15,42,27
2017,21,Bor. M'gladbach,7,31,-2,30,32
2017,21,FC Augsburg,8,28,3,29,26
2017,21,TSG Hoffenheim,9,27,-1,31,32
2017,21,Hannover 96,10,27,-2,28,30
2017,21,Hertha BSC,11,26,0,27,27
2017,21,SC Freiburg,12,24,-13,22,35
2017,21,VfL Wolfsburg,13,23,-1,23,24
2017,21,VfB Stuttgart,14,20,-10,16,26
2017,21,1.FSV Mainz 05,15,20,-11,24,35
2017,21,Werder Bremen,16,17,-9,16,25
2017,21,Hamburger SV,17,16,-13,16,29
2017,21,1. FC Köln,18,13,-19,15,34
2017,22,Bayern Munich,1,53,35,51,16
2017,22,Bay. Leverkusen,2,35,14,41,27
2017,22,RB Leipzig,3,35,4,33,29
2017,22,Bor. Dortmund,4,34,16,45,29
2017,22,FC Schalke 04,5,34,6,33,27
2017,22,E. Frankfurt,6,33,3,26,23
2017,22,FC Augsburg,7,31,6,32,26
2017,22,Bor. M'gladbach,8,31,-3,30,33
2017,22,TSG Hoffenheim,9,28,-1,32,33
2017,22,Hannover 96,10,28,-2,29,31
2017,22,Hertha BSC,11,27,0,28,28
2017,22,SC Freiburg,12,25,-13,22,35
2017,22,VfL Wolfsburg,13,24,-1,24,25
2017,22,VfB Stuttgart,14,21,-10,17,27
2017,22,Werder Bremen,15,20,-8,18,26
2017,22,1.FSV Mainz 05,16,20,-13,24,37
2017,22,Hamburger SV,17,17,-13,17,30
2017,22,1. FC Köln,18,13,-20,17,37
2017,23,Bayern Munich,1,56,36,53,17
2017,23,RB Leipzig,2,38,6,35,29
2017,23,Bor. Dortmund,3,37,18,47,29
2017,23,E. Frankfurt,4,36,5,30,25
2017,23,Bay. Leverkusen,5,35,12,41,29
2017,23,FC Schalke 04,6,34,5,34,29
2017,23,FC Augsburg,7,31,4,32,28
2017,23,TSG Hoffenheim,8,31,1,36,35
2017,23,Hannover 96,9,31,-1,31,32
2017,23,Bor. M'gladbach,10,31,-4,30,34
2017,23,Hertha BSC,11,30,2,30,28
2017,23,SC Freiburg,12,25,-14,23,37
2017,23,VfL Wolfsburg,13,24,-3,25,28
2017,23,VfB Stuttgart,14,24,-9,18,27
2017,23,Werder Bremen,15,23,-6,21,27
2017,23,1.FSV Mainz 05,16,20,-15,26,41
2017,23,Hamburger SV,17,17,-15,17,32
2017,23,1. FC Köln,18,13,-22,19,41
2017,24,Bayern Munich,1,59,37,55,18
2017,24,Bor. Dortmund,2,40,19,48,29
2017,24,E. Frankfurt,3,39,6,32,26
2017,24,Bay. Leverkusen,4,38,13,43,30
2017,24,RB Leipzig,5,38,5,36,31
2017,24,FC Schalke 04,6,37,6,36,30
2017,24,Hannover 96,7,32,-1,32,33
2017,24,FC Augsburg,8,31,3,32,29
2017,24,TSG Hoffenheim,9,31,0,37,37
2017,24,Bor. M'gladbach,10,31,-5,30,35
2017,24,Hertha BSC,11,30,0,30,30
2017,24,SC Freiburg,12,28,-13,24,37
2017,24,VfB Stuttgart,13,27,-8,19,27
2017,24,VfL Wolfsburg,14,24,-4,26,30
2017,24,Werder Bremen,15,23,-7,21,28
2017,24,1.FSV Mainz 05,16,23,-13,28,41
2017,24,Hamburger SV,17,17,-16,18,34
2017,24,1. FC Köln,18,14,-22,20,42
2017,25,Bayern Munich,1,60,37,55,18
2017,25,Bor. Dortmund,2,41,19,49,30
2017,25,FC Schalke 04,3,40,8,38,30
2017,25,E. Frankfurt,4,39,5,32,27
2017,25,Bay. Leverkusen,5,38,11,43,32
2017,25,RB Leipzig,6,38,4,37,33
2017,25,Bor. M'gladbach,7,34,-4,31,35
2017,25,FC Augsburg,8,32,3,33,30
2017,25,TSG Hoffenheim,9,32,0,38,38
2017,25,Hannover 96,10,32,-2,32,34
2017,25,Hertha BSC,11,31,0,30,30
2017,25,VfB Stuttgart,12,30,-7,20,27
2017,25,SC Freiburg,13,29,-13,25,38
2017,25,Werder Bremen,14,26,-6,22,28
2017,25,VfL Wolfsburg,15,25,-4,27,31
2017,25,1.FSV Mainz 05,16,24,-13,29,42
2017,25,Hamburger SV,17,17,-17,18,35
2017,25,1. FC Köln,18,17,-21,22,43
2017,26,Bayern Munich,1,63,41,59,18
2017,26,FC Schalke 04,2,43,9,39,30
2017,26,Bor. Dortmund,3,42,19,50,31
2017,26,E. Frankfurt,4,42,6,33,27
2017,26,Bay. Leverkusen,5,41,12,45,33
2017,26,RB Leipzig,6,39,4,38,34
2017,26,TSG Hoffenheim,7,35,2,40,38
2017,26,Bor. M'gladbach,8,35,-4,33,37
2017,26,VfB Stuttgart,9,33,-6,23,29
2017,26,FC Augsburg,10,32,1,33,32
2017,26,Hannover 96,11,32,-3,32,35
2017,26,Hertha BSC,12,31,-1,30,31
2017,26,SC Freiburg,13,29,-17,25,42
2017,26,Werder Bremen,14,27,-6,24,30
2017,26,VfL Wolfsburg,15,25,-5,28,33
2017,26,1.FSV Mainz 05,16,25,-13,29,42
2017,26,Hamburger SV,17,18,-17,18,35
2017,26,1. FC Köln,18,17,-22,24,46
2017,27,Bayern Munich,1,66,47,65,18
2017,27,FC Schalke 04,2,46,10,40,30
2017,27,Bor. Dortmund,3,45,20,53,33
2017,27,Bay. Leverkusen,4,44,14,47,33
2017,27,E. Frankfurt,5,42,5,35,30
2017,27,RB Leipzig,6,40,4,38,34
2017,27,TSG Hoffenheim,7,38,5,43,38
2017,27,FC Augsburg,8,35,3,36,33
2017,27,Bor. M'gladbach,9,35,-6,33,39
2017,27,VfB Stuttgart,10,34,-6,23,29
2017,27,Hertha BSC,11,32,-1,30,31
2017,27,Hannover 96,12,32,-5,33,38
2017,27,Werder Bremen,13,30,-4,27,31
2017,27,SC Freiburg,14,30,-17,25,42
2017,27,VfL Wolfsburg,15,25,-8,28,36
2017,27,1.FSV Mainz 05,16,25,-14,29,43
2017,27,Hamburger SV,17,18,-23,18,41
2017,27,1. FC Köln,18,17,-24,25,49
2017,28,Bayern Munich,1,66,46,66,20
2017,28,FC Schalke 04,2,49,11,41,30
2017,28,Bor. Dortmund,3,48,21,54,33
2017,28,E. Frankfurt,4,45,8,38,30
2017,28,Bay. Leverkusen,5,44,12,47,35
2017,28,RB Leipzig,6,43,5,40,35
2017,28,TSG Hoffenheim,7,39,5,46,41
2017,28,VfB Stuttgart,8,37,-5,25,30
2017,28,Bor. M'gladbach,9,36,-6,36,42
2017,28,FC Augsburg,10,35,1,37,36
2017,28,Hertha BSC,11,35,0,32,32
2017,28,Werder Bremen,12,33,-2,30,32
2017,28,Hannover 96,13,32,-6,33,39
2017,28,SC Freiburg,14,30,-18,26,44
2017,28,VfL Wolfsburg,15,25,-9,28,37
2017,28,1.FSV Mainz 05,16,25,-17,29,46
2017,28,1. FC Köln,17,20,-22,27,49
2017,28,Hamburger SV,18,18,-24,19,43
2017,29,Bayern Munich,1,69,52,72,20
2017,29,FC Schalke 04,2,52,13,43,30
2017,29,Bor. Dortmund,3,48,15,54,39
2017,29,RB Leipzig,4,46,6,43,37
2017,29,Bay. Leverkusen,5,45,12,47,35
2017,29,E. Frankfurt,6,45,7,39,32
2017,29,TSG Hoffenheim,7,42,11,52,41
2017,29,VfB Stuttgart,8,38,-5,26,31
2017,29,Bor. M'gladbach,9,37,-6,36,42
2017,29,FC Augsburg,10,36,1,37,36
2017,29,Hertha BSC,11,36,0,32,32
2017,29,Werder Bremen,12,36,-1,32,33
2017,29,Hannover 96,13,32,-7,35,42
2017,29,SC Freiburg,14,30,-20,26,46
2017,29,VfL Wolfsburg,15,26,-9,28,37
2017,29,1.FSV Mainz 05,16,26,-17,29,46
2017,29,1. FC Köln,17,20,-28,27,55
2017,29,Hamburger SV,18,19,-24,20,44
2017,30,Bayern Munich,1,72,55,76,21
2017,30,FC Schalke 04,2,52,12,45,33
2017,30,Bor. Dortmund,3,51,18,57,39
2017,30,Bay. Leverkusen,4,48,15,51,36
2017,30,E. Frankfurt,5,46,7,40,33
2017,30,RB Leipzig,6,46,3,44,41
2017,30,TSG Hoffenheim,7,43,11,53,42
2017,30,Bor. M'gladbach,8,40,-5,38,43
2017,30,VfB Stuttgart,9,38,-8,26,34
2017,30,Hertha BSC,10,36,-1,33,34
2017,30,FC Augsburg,11,36,-2,38,40
2017,30,Werder Bremen,12,36,-2,33,35
2017,30,Hannover 96,13,35,-6,37,43
2017,30,SC Freiburg,14,30,-22,26,48
2017,30,VfL Wolfsburg,15,29,-7,30,37
2017,30,1.FSV Mainz 05,16,27,-17,30,47
2017,30,Hamburger SV,17,22,-23,23,46
2017,30,1. FC Köln,18,21,-28,28,56
2017,31,Bayern Munich,1,75,59,81,22
2017,31,FC Schalke 04,2,55,14,47,33
2017,31,Bay. Leverkusen,3,51,18,55,37
2017,31,Bor. Dortmund,4,51,16,57,41
2017,31,RB Leipzig,5,47,3,45,42
2017,31,TSG Hoffenheim,6,46,13,55,42
2017,31,E. Frankfurt,7,46,4,41,37
2017,31,Bor. M'gladbach,8,40,-9,39,48
2017,31,Hertha BSC,9,39,0,35,35
2017,31,VfB Stuttgart,10,39,-8,27,35
2017,31,FC Augsburg,11,37,-2,38,40
2017,31,Werder Bremen,12,37,-2,34,36
2017,31,Hannover 96,13,36,-6,38,44
2017,31,VfL Wolfsburg,14,30,-7,30,37
2017,31,1.FSV Mainz 05,15,30,-15,32,47
2017,31,SC Freiburg,16,30,-24,26,50
2017,31,Hamburger SV,17,22,-25,23,48
2017,31,1. FC Köln,18,21,-29,29,58
2017,32,Bayern Munich,1,78,62,84,22
2017,32,FC Schalke 04,2,56,14,49,35
2017,32,Bor. Dortmund,3,54,20,61,41
2017,32,Bay. Leverkusen,4,51,14,55,41
2017,32,TSG Hoffenheim,5,49,16,60,44
2017,32,RB Leipzig,6,47,0,47,47
2017,32,E. Frankfurt,7,46,1,41,40
2017,32,Bor. M'gladbach,8,43,-6,42,48
2017,32,Hertha BSC,9,42,3,38,35
2017,32,VfB Stuttgart,10,42,-6,29,35
2017,32,FC Augsburg,11,40,0,40,40
2017,32,Werder Bremen,12,37,-4,34,38
2017,32,Hannover 96,13,36,-9,38,47
2017,32,VfL Wolfsburg,14,30,-10,30,40
2017,32,1.FSV Mainz 05,15,30,-17,32,49
2017,32,SC Freiburg,16,30,-25,26,51
2017,32,Hamburger SV,17,25,-24,24,48
2017,32,1. FC Köln,18,22,-29,31,60
2017,33,Bayern Munich,1,81,65,88,23
2017,33,FC Schalke 04,2,57,14,50,36
2017,33,Bor. Dortmund,3,55,20,62,42
2017,33,TSG Hoffenheim,4,52,18,63,45
2017,33,Bay. Leverkusen,5,51,13,55,42
2017,33,RB Leipzig,6,47,-3,47,50
2017,33,E. Frankfurt,7,46,-2,42,44
2017,33,VfB Stuttgart,8,45,-5,30,35
2017,33,Bor. M'gladbach,9,44,-6,43,49
2017,33,Hertha BSC,10,43,3,40,37
2017,33,FC Augsburg,11,41,0,42,42
2017,33,Werder Bremen,12,38,-4,35,39
2017,33,Hannover 96,13,36,-11,39,50
2017,33,1.FSV Mainz 05,14,33,-14,35,49
2017,33,SC Freiburg,15,33,-24,29,53
2017,33,VfL Wolfsburg,16,30,-12,31,43
2017,33,Hamburger SV,17,28,-22,27,49
2017,33,1. FC Köln,18,22,-30,33,63
2017,34,Bayern Munich,1,84,67,91,24
2017,34,FC Schalke 04,2,60,15,52,37
2017,34,Bor. Dortmund,3,55,19,63,44
2017,34,TSG Hoffenheim,4,52,16,63,47
2017,34,Bay. Leverkusen,5,52,13,55,42
2017,34,RB Leipzig,6,50,0,51,51
2017,34,E. Frankfurt,7,49,1,45,44
2017,34,VfB Stuttgart,8,48,-3,32,35
2017,34,Bor. M'gladbach,9,47,-4,46,50
2017,34,Hertha BSC,10,43,1,41,40
2017,34,FC Augsburg,11,41,-1,43,44
2017,34,Werder Bremen,12,39,-4,35,39
2017,34,Hannover 96,13,39,-9,42,51
2017,34,1.FSV Mainz 05,14,36,-13,37,50
2017,34,SC Freiburg,15,33,-26,30,56
2017,34,VfL Wolfsburg,16,30,-15,32,47
2017,34,Hamburger SV,17,28,-25,27,52
2017,34,1. FC Köln,18,22,-32,34,66
2017,35,Bayern Munich,1,84,64,92,28
2017,35,FC Schalke 04,2,63,16,53,37
2017,35,TSG Hoffenheim,3,55,18,66,48
2017,35,Bor. Dortmund,4,55,17,64,47
2017,35,Bay. Leverkusen,5,55,14,58,44
2017,35,RB Leipzig,6,53,4,57,53
2017,35,VfB Stuttgart,7,51,0,36,36
2017,35,E. Frankfurt,8,49,0,45,45
2017,35,Bor. M'gladbach,9,47,-5,47,52
2017,35,Hertha BSC,10,43,-3,43,46
2017,35,Werder Bremen,11,42,-3,37,40
2017,35,FC Augsburg,12,41,-3,43,46
2017,35,Hannover 96,13,39,-10,44,54
2017,35,1.FSV Mainz 05,14,36,-14,38,52
2017,35,SC Freiburg,15,36,-24,32,56
2017,35,VfL Wolfsburg,16,33,-12,36,48
2017,35,Hamburger SV,17,31,-24,29,53
2017,35,1. FC Köln,18,22,-35,35,70
