match_year,match_round,team,team_rank,team_points,team_goal_difference,team_goal_fatti,team_goal_subiti
2009,2,Genoa,1,3,1,3,2
2009,2,AC Milan,2,3,1,2,1
2009,2,Sampdoria,3,3,1,2,1
2009,2,US Palermo,4,3,1,2,1
2009,2,Juventus,5,3,1,1,0
2009,2,Lazio,6,3,1,1,0
2009,2,Parma,7,1,0,2,2
2009,2,Udinese,8,1,0,2,2
2009,2,Inter,9,1,0,1,1
2009,2,Bari,10,1,0,1,1
2009,2,Fiorentina,11,1,0,1,1
2009,2,Bologna,12,1,0,1,1
2009,2,Cagliari Calcio,13,1,0,0,0
2009,2,AS Livorno,14,1,0,0,0
2009,2,AS Roma,15,0,-1,2,3
2009,2,SSC Napoli,16,0,-1,1,2
2009,2,Siena,17,0,-1,1,2
2009,2,Catania,18,0,-1,1,2
2009,2,Atalanta,19,0,-1,0,1
2009,2,Chievo Verona,20,0,-1,0,1
2009,3,Sampdoria,1,6,3,5,2
2009,3,Juventus,2,6,3,4,1
2009,3,Genoa,3,6,2,4,2
2009,3,Lazio,4,6,2,3,1
2009,3,Inter,5,4,4,5,1
2009,3,Parma,6,4,1,4,3
2009,3,Fiorentina,7,4,1,2,1
2009,3,SSC Napoli,8,3,1,4,3
2009,3,Siena,9,3,1,4,3
2009,3,US Palermo,10,3,0,2,2
2009,3,AC Milan,11,3,-3,2,5
2009,3,Bari,12,2,0,1,1
2009,3,Bologna,13,2,0,1,1
2009,3,Udinese,14,1,-2,3,5
2009,3,Cagliari Calcio,15,1,-2,1,3
2009,3,AS Livorno,16,1,-2,1,3
2009,3,Catania,17,0,-2,2,4
2009,3,Chievo Verona,18,0,-2,1,3
2009,3,Atalanta,19,0,-2,0,2
2009,3,AS Roma,20,0,-3,3,6
2009,4,Genoa,1,9,5,8,3
2009,4,Juventus,2,9,5,6,1
2009,4,Sampdoria,3,9,4,6,2
2009,4,Inter,4,7,6,7,1
2009,4,Fiorentina,5,7,2,3,1
2009,4,Lazio,6,6,0,3,3
2009,4,Udinese,7,4,0,7,7
2009,4,US Palermo,8,4,0,3,3
2009,4,Parma,9,4,-1,4,5
2009,4,AC Milan,10,4,-3,2,5
2009,4,Siena,11,3,0,5,5
2009,4,Chievo Verona,12,3,0,3,3
2009,4,Bari,13,3,0,2,2
2009,4,AS Roma,14,3,-2,5,7
2009,4,SSC Napoli,15,3,-2,5,7
2009,4,Bologna,16,2,-2,1,3
2009,4,AS Livorno,17,2,-2,1,3
2009,4,Cagliari Calcio,18,1,-3,1,4
2009,4,Atalanta,19,0,-3,0,3
2009,4,Catania,20,0,-4,4,8
2009,5,Sampdoria,1,12,7,10,3
2009,5,Juventus,2,12,7,8,1
2009,5,Inter,3,10,7,9,2
2009,5,Genoa,4,9,3,9,6
2009,5,Parma,5,7,0,5,5
2009,5,Fiorentina,6,7,0,4,4
2009,5,Lazio,7,7,0,4,4
2009,5,AC Milan,8,7,-2,3,5
2009,5,Bari,9,6,3,6,3
2009,5,Chievo Verona,10,6,2,6,4
2009,5,AS Roma,11,6,0,8,8
2009,5,Udinese,12,5,0,7,7
2009,5,US Palermo,13,4,-1,3,4
2009,5,SSC Napoli,14,4,-2,5,7
2009,5,Siena,15,3,-3,6,9
2009,5,Bologna,16,2,-3,1,4
2009,5,AS Livorno,17,2,-4,1,5
2009,5,Catania,18,1,-4,5,9
2009,5,Cagliari Calcio,19,1,-4,2,6
2009,5,Atalanta,20,0,-6,1,7
2009,6,Inter,1,13,9,12,3
2009,6,Juventus,2,13,7,10,3
2009,6,Sampdoria,3,12,5,10,5
2009,6,Genoa,4,10,3,11,8
2009,6,Fiorentina,5,10,2,6,4
2009,6,Parma,6,10,1,7,6
2009,6,Udinese,7,8,1,8,7
2009,6,Chievo Verona,8,7,2,6,4
2009,6,AS Roma,9,7,0,11,11
2009,6,Lazio,10,7,-1,5,6
2009,6,AC Milan,11,7,-3,3,6
2009,6,Bari,12,6,2,6,4
2009,6,US Palermo,13,5,-1,6,7
2009,6,Bologna,14,5,-1,3,4
2009,6,Siena,15,4,-3,6,9
2009,6,Cagliari Calcio,16,4,-3,3,6
2009,6,SSC Napoli,17,4,-4,6,10
2009,6,Catania,18,2,-4,5,9
2009,6,AS Livorno,19,2,-6,1,7
2009,6,Atalanta,20,1,-6,1,7
2009,7,Sampdoria,1,15,6,11,5
2009,7,Juventus,2,14,7,11,4
2009,7,Inter,3,13,8,12,4
2009,7,Fiorentina,4,13,3,7,4
2009,7,Udinese,5,11,3,10,7
2009,7,Genoa,6,10,1,11,10
2009,7,Parma,7,10,-1,7,8
2009,7,Chievo Verona,8,8,2,7,5
2009,7,AS Roma,9,8,0,12,12
2009,7,Lazio,10,8,-1,6,7
2009,7,AC Milan,11,8,-3,3,6
2009,7,Bari,12,7,2,6,4
2009,7,Cagliari Calcio,13,7,-1,5,6
2009,7,SSC Napoli,14,7,-3,8,11
2009,7,US Palermo,15,6,-1,7,8
2009,7,Bologna,16,6,-1,4,5
2009,7,Siena,17,4,-4,7,11
2009,7,Catania,18,3,-4,6,10
2009,7,Atalanta,19,2,-6,2,8
2009,7,AS Livorno,20,2,-7,1,8
2009,8,Inter,1,16,9,14,5
2009,8,Sampdoria,2,16,6,12,6
2009,8,Juventus,3,14,5,11,6
2009,8,Fiorentina,4,14,3,7,4
2009,8,Genoa,5,13,3,14,11
2009,8,Chievo Verona,6,11,3,9,6
2009,8,Udinese,7,11,2,11,9
2009,8,AS Roma,8,11,1,14,13
2009,8,Parma,9,11,-1,8,9
2009,8,US Palermo,10,9,1,9,8
2009,8,Lazio,11,9,-1,6,7
2009,8,AC Milan,12,9,-3,4,7
2009,8,Bari,13,8,2,6,4
2009,8,Cagliari Calcio,14,7,-2,6,8
2009,8,SSC Napoli,15,7,-4,9,13
2009,8,Bologna,16,6,-3,5,8
2009,8,Siena,17,5,-4,7,11
2009,8,Catania,18,4,-4,6,10
2009,8,Atalanta,19,3,-6,3,9
2009,8,AS Livorno,20,3,-7,1,8
2009,9,Inter,1,19,14,19,5
2009,9,Sampdoria,2,17,6,13,7
2009,9,Juventus,3,15,5,12,7
2009,9,Fiorentina,4,15,3,8,5
2009,9,Parma,5,14,0,9,9
2009,9,Genoa,6,13,-2,14,16
2009,9,US Palermo,7,12,2,11,9
2009,9,AC Milan,8,12,-2,6,8
2009,9,Bari,9,11,3,8,5
2009,9,Chievo Verona,10,11,2,10,8
2009,9,AS Roma,11,11,0,15,15
2009,9,Udinese,12,11,0,12,12
2009,9,Lazio,13,10,-1,7,8
2009,9,SSC Napoli,14,10,-3,11,14
2009,9,Catania,15,7,-3,8,11
2009,9,Cagliari Calcio,16,7,-3,7,10
2009,9,Atalanta,17,6,-4,6,10
2009,9,Bologna,18,6,-4,6,10
2009,9,Siena,19,5,-5,7,12
2009,9,AS Livorno,20,3,-8,2,10
2009,10,Inter,1,22,15,21,6
2009,10,Sampdoria,2,20,9,17,8
2009,10,Juventus,3,18,6,13,7
2009,10,US Palermo,4,15,3,12,9
2009,10,Fiorentina,5,15,2,8,6
2009,10,AC Milan,6,15,-1,8,9
2009,10,Bari,7,14,5,10,5
2009,10,Parma,8,14,-2,10,12
2009,10,SSC Napoli,9,13,-2,12,14
2009,10,Genoa,10,13,-3,16,19
2009,10,Chievo Verona,11,11,1,11,10
2009,10,AS Roma,12,11,-1,15,16
2009,10,Udinese,13,11,-1,12,13
2009,10,Cagliari Calcio,14,10,-2,10,12
2009,10,Lazio,15,10,-3,7,10
2009,10,Atalanta,16,9,-2,9,11
2009,10,Catania,17,7,-4,9,13
2009,10,Bologna,18,6,-7,7,14
2009,10,AS Livorno,19,6,-7,3,10
2009,10,Siena,20,5,-6,7,13
2009,11,Inter,1,25,17,26,9
2009,11,Juventus,2,21,10,18,8
2009,11,Sampdoria,3,20,5,18,13
2009,11,Parma,4,17,0,12,12
2009,11,AC Milan,5,16,-1,10,11
2009,11,Genoa,6,16,-2,18,20
2009,11,US Palermo,7,15,1,15,14
2009,11,Fiorentina,8,15,1,9,8
2009,11,Bari,9,14,3,10,7
2009,11,Chievo Verona,10,14,2,13,11
2009,11,Udinese,11,14,0,14,14
2009,11,SSC Napoli,12,14,-2,14,16
2009,11,Cagliari Calcio,13,13,-1,11,12
2009,11,AS Roma,14,11,-2,16,18
2009,11,Lazio,15,10,-4,7,11
2009,11,Atalanta,16,9,-3,9,12
2009,11,Bologna,17,9,-6,9,15
2009,11,AS Livorno,18,9,-6,4,10
2009,11,Catania,19,7,-5,10,15
2009,11,Siena,20,5,-7,8,15
2009,12,Inter,1,28,19,28,9
2009,12,Juventus,2,21,9,20,11
2009,12,Sampdoria,3,21,5,18,13
2009,12,AC Milan,4,19,1,12,11
2009,12,Fiorentina,5,18,3,12,9
2009,12,SSC Napoli,6,17,-1,17,18
2009,12,Genoa,7,17,-2,18,20
2009,12,Parma,8,17,-2,12,14
2009,12,Cagliari Calcio,9,16,2,14,12
2009,12,US Palermo,10,16,1,15,14
2009,12,Bari,11,15,3,10,7
2009,12,Chievo Verona,12,15,2,14,12
2009,12,Udinese,13,15,0,15,15
2009,12,AS Roma,14,14,-1,18,19
2009,12,Lazio,15,11,-4,8,12
2009,12,Atalanta,16,9,-6,9,15
2009,12,Bologna,17,9,-7,10,17
2009,12,AS Livorno,18,9,-8,4,12
2009,12,Catania,19,7,-7,11,18
2009,12,Siena,20,6,-7,9,16
2009,13,Inter,1,29,19,29,10
2009,13,Juventus,2,24,12,25,13
2009,13,AC Milan,3,22,2,14,12
2009,13,Fiorentina,4,21,4,13,9
2009,13,Sampdoria,5,21,3,18,15
2009,13,Genoa,6,20,0,22,22
2009,13,Parma,7,20,0,14,14
2009,13,Cagliari Calcio,8,19,4,16,12
2009,13,Bari,9,18,4,11,7
2009,13,SSC Napoli,10,18,-1,17,18
2009,13,US Palermo,11,16,-1,16,17
2009,13,Chievo Verona,12,15,0,14,14
2009,13,AS Roma,13,15,-1,19,20
2009,13,Udinese,14,15,-1,15,16
2009,13,Bologna,15,12,-5,13,18
2009,13,Lazio,16,11,-5,9,14
2009,13,Atalanta,17,9,-9,11,20
2009,13,AS Livorno,18,9,-9,4,13
2009,13,Catania,19,8,-7,11,18
2009,13,Siena,20,6,-9,11,20
2009,14,Inter,1,32,21,32,11
2009,14,Juventus,2,27,13,26,13
2009,14,AC Milan,3,25,3,18,15
2009,14,Sampdoria,4,24,4,20,16
2009,14,Parma,5,23,1,17,16
2009,14,Fiorentina,6,21,3,15,12
2009,14,Genoa,7,20,-1,23,24
2009,14,Cagliari Calcio,8,19,3,19,16
2009,14,SSC Napoli,9,19,-1,17,18
2009,14,Bari,10,18,2,12,10
2009,14,AS Roma,11,18,1,22,21
2009,14,US Palermo,12,17,-1,17,18
2009,14,Chievo Verona,13,15,-1,15,16
2009,14,Udinese,14,15,-2,15,17
2009,14,Lazio,15,12,-5,9,14
2009,14,Bologna,16,12,-7,14,21
2009,14,Atalanta,17,12,-7,13,20
2009,14,AS Livorno,18,12,-8,6,14
2009,14,Catania,19,9,-7,12,19
2009,14,Siena,20,6,-11,11,22
2009,15,Inter,1,35,22,33,11
2009,15,AC Milan,2,28,5,20,15
2009,15,Juventus,3,27,11,26,15
2009,15,Sampdoria,4,24,1,20,19
2009,15,Parma,5,24,1,18,17
2009,15,Genoa,6,23,2,26,24
2009,15,Cagliari Calcio,7,22,5,21,16
2009,15,Bari,8,21,3,14,11
2009,15,AS Roma,9,21,2,24,22
2009,15,Fiorentina,10,21,2,15,13
2009,15,SSC Napoli,11,20,-1,18,19
2009,15,Udinese,12,18,0,17,17
2009,15,Chievo Verona,13,18,0,16,16
2009,15,US Palermo,14,17,-2,17,19
2009,15,Lazio,15,13,-5,9,14
2009,15,Bologna,16,13,-7,14,21
2009,15,Atalanta,17,12,-8,14,22
2009,15,AS Livorno,18,12,-10,6,16
2009,15,Catania,19,9,-9,12,21
2009,15,Siena,20,6,-12,12,24
2009,16,Inter,1,35,21,34,13
2009,16,AC Milan,2,31,8,23,15
2009,16,Juventus,3,30,12,28,16
2009,16,Parma,4,25,1,20,19
2009,16,Fiorentina,5,24,4,17,13
2009,16,AS Roma,6,24,3,25,22
2009,16,Genoa,7,24,2,28,26
2009,16,Sampdoria,8,24,-2,20,22
2009,16,SSC Napoli,9,23,0,21,21
2009,16,Cagliari Calcio,10,22,4,22,18
2009,16,Chievo Verona,11,21,2,18,16
2009,16,Bari,12,21,2,16,14
2009,16,US Palermo,13,20,-1,19,20
2009,16,Udinese,14,18,-1,18,19
2009,16,Bologna,15,16,-6,16,22
2009,16,Lazio,16,13,-6,9,15
2009,16,Atalanta,17,12,-10,14,24
2009,16,AS Livorno,18,12,-12,6,18
2009,16,Catania,19,9,-10,14,24
2009,16,Siena,20,9,-11,15,26
2009,17,Inter,1,36,21,35,14
2009,17,AC Milan,2,31,6,23,17
2009,17,Juventus,3,30,10,29,19
2009,17,Parma,4,28,2,22,20
2009,17,AS Roma,5,25,3,25,22
2009,17,Sampdoria,6,25,-2,20,22
2009,17,Bari,7,24,4,19,15
2009,17,Chievo Verona,8,24,3,20,17
2009,17,Fiorentina,9,24,3,18,15
2009,17,Genoa,10,24,1,28,27
2009,17,SSC Napoli,11,24,0,24,24
2009,17,Cagliari Calcio,12,23,4,25,21
2009,17,US Palermo,13,23,1,21,20
2009,17,Udinese,14,18,-2,19,21
2009,17,Lazio,15,16,-5,10,15
2009,17,Bologna,16,16,-7,17,24
2009,17,AS Livorno,17,15,-11,7,18
2009,17,Atalanta,18,13,-10,15,25
2009,17,Siena,19,12,-10,17,27
2009,17,Catania,20,9,-11,14,25
2009,18,Inter,1,39,22,36,14
2009,18,AC Milan,2,34,7,25,18
2009,18,Juventus,3,30,9,30,21
2009,18,AS Roma,4,28,5,27,22
2009,18,Parma,5,28,0,22,22
2009,18,SSC Napoli,6,27,2,26,24
2009,18,US Palermo,7,26,2,22,20
2009,18,Bari,8,25,4,20,16
2009,18,Genoa,9,25,1,29,28
2009,18,Sampdoria,10,25,-4,21,25
2009,18,Fiorentina,11,24,2,19,17
2009,18,Chievo Verona,12,24,1,20,19
2009,18,Cagliari Calcio,13,23,3,26,23
2009,18,Udinese,14,21,-1,21,22
2009,18,AS Livorno,15,18,-9,10,19
2009,18,Bologna,16,17,-7,19,26
2009,18,Lazio,17,16,-6,10,16
2009,18,Atalanta,18,14,-10,17,27
2009,18,Catania,19,12,-10,16,26
2009,18,Siena,20,12,-11,17,28
2009,19,Inter,1,42,23,37,14
2009,19,AC Milan,2,37,10,30,20
2009,19,Juventus,3,33,10,32,22
2009,19,SSC Napoli,4,30,4,28,24
2009,19,AS Roma,5,29,5,29,24
2009,19,Bari,6,28,6,22,16
2009,19,Parma,7,28,-1,23,24
2009,19,Fiorentina,8,27,6,24,18
2009,19,US Palermo,9,27,2,23,21
2009,19,Sampdoria,10,26,-4,22,26
2009,19,Genoa,11,25,-2,31,33
2009,19,Cagliari Calcio,12,24,3,28,25
2009,19,Chievo Verona,13,24,0,20,20
2009,19,Udinese,14,21,-3,21,24
2009,19,Lazio,15,19,-3,14,17
2009,19,AS Livorno,16,18,-12,11,23
2009,19,Bologna,17,17,-8,19,27
2009,19,Catania,18,15,-9,17,26
2009,19,Atalanta,19,14,-12,17,29
2009,19,Siena,20,12,-15,18,33
2009,20,Inter,1,45,24,41,17
2009,20,AC Milan,2,40,13,33,20
2009,20,Juventus,3,33,7,32,25
2009,20,SSC Napoli,4,33,5,29,24
2009,20,AS Roma,5,32,6,30,24
2009,20,Fiorentina,6,30,7,26,19
2009,20,US Palermo,7,30,3,24,21
2009,20,Bari,8,28,5,23,18
2009,20,Genoa,9,28,0,33,33
2009,20,Parma,10,28,-2,24,26
2009,20,Cagliari Calcio,11,27,4,29,25
2009,20,Sampdoria,12,26,-5,22,27
2009,20,Chievo Verona,13,24,-1,20,21
2009,20,Udinese,14,22,-3,22,25
2009,20,AS Livorno,15,21,-11,13,24
2009,20,Lazio,16,20,-3,15,18
2009,20,Bologna,17,17,-9,19,28
2009,20,Catania,18,15,-11,17,28
2009,20,Atalanta,19,14,-13,17,30
2009,20,Siena,20,12,-16,21,37
2009,21,Inter,1,46,24,43,19
2009,21,AC Milan,2,43,17,37,20
2009,21,AS Roma,3,35,9,33,24
2009,21,SSC Napoli,4,34,5,29,24
2009,21,Juventus,5,33,6,32,26
2009,21,US Palermo,6,31,3,24,21
2009,21,Cagliari Calcio,7,30,7,32,25
2009,21,Fiorentina,8,30,6,27,21
2009,21,Bari,9,29,5,25,20
2009,21,Parma,10,29,-2,24,26
2009,21,Genoa,11,28,-3,33,36
2009,21,Chievo Verona,12,27,0,21,21
2009,21,Sampdoria,13,27,-5,23,28
2009,21,Udinese,14,23,-3,22,25
2009,21,AS Livorno,15,21,-14,13,27
2009,21,Lazio,16,20,-6,15,21
2009,21,Bologna,17,20,-8,21,29
2009,21,Atalanta,18,17,-10,20,30
2009,21,Catania,19,16,-11,18,29
2009,21,Siena,20,12,-20,21,41
2009,22,Inter,1,49,26,45,19
2009,22,AC Milan,2,43,15,37,22
2009,22,AS Roma,3,38,10,35,25
2009,22,SSC Napoli,4,37,7,31,24
2009,22,US Palermo,5,34,6,27,21
2009,22,Juventus,6,33,5,33,28
2009,22,Cagliari Calcio,7,31,7,33,26
2009,22,Genoa,8,31,-1,35,36
2009,22,Fiorentina,9,30,3,27,24
2009,22,Sampdoria,10,30,-4,26,30
2009,22,Bari,11,29,4,26,22
2009,22,Parma,12,29,-5,24,29
2009,22,Chievo Verona,13,28,0,22,22
2009,22,Udinese,14,23,-4,24,28
2009,22,Bologna,15,23,-7,23,30
2009,22,Lazio,16,21,-6,16,22
2009,22,AS Livorno,17,21,-16,13,29
2009,22,Catania,18,19,-8,21,29
2009,22,Atalanta,19,17,-12,20,32
2009,22,Siena,20,13,-20,22,42
2009,23,Inter,1,50,26,46,20
2009,23,AC Milan,2,44,15,38,23
2009,23,AS Roma,3,41,11,37,26
2009,23,SSC Napoli,4,38,7,31,24
2009,23,Juventus,5,34,5,34,29
2009,23,US Palermo,6,34,4,29,25
2009,23,Sampdoria,7,33,-2,28,30
2009,23,Cagliari Calcio,8,32,7,35,28
2009,23,Bari,9,32,6,30,24
2009,23,Genoa,10,32,-1,35,36
2009,23,Fiorentina,11,31,3,29,26
2009,23,Parma,12,30,-5,25,30
2009,23,Chievo Verona,13,29,0,23,23
2009,23,Udinese,14,24,-4,25,29
2009,23,Bologna,15,24,-7,24,31
2009,23,Lazio,16,22,-6,17,23
2009,23,AS Livorno,17,22,-16,14,30
2009,23,Catania,18,20,-8,22,30
2009,23,Atalanta,19,17,-14,20,34
2009,23,Siena,20,13,-21,23,44
2009,24,Inter,1,53,29,49,20
2009,24,AC Milan,2,45,15,38,23
2009,24,AS Roma,3,44,12,38,26
2009,24,SSC Napoli,4,38,5,32,27
2009,24,US Palermo,5,37,5,31,26
2009,24,Sampdoria,6,36,-1,30,31
2009,24,Juventus,7,35,5,35,30
2009,24,Genoa,8,35,0,36,36
2009,24,Bari,9,32,5,30,25
2009,24,Cagliari Calcio,10,32,4,35,31
2009,24,Fiorentina,11,31,2,29,27
2009,24,Parma,12,30,-6,26,32
2009,24,Chievo Verona,13,29,-1,23,24
2009,24,Udinese,14,27,-2,28,30
2009,24,Bologna,15,25,-7,24,31
2009,24,Catania,16,23,-7,23,30
2009,24,AS Livorno,17,23,-16,15,31
2009,24,Lazio,18,22,-7,17,24
2009,24,Atalanta,19,20,-13,21,34
2009,24,Siena,20,13,-22,24,46
2009,25,Inter,1,54,29,49,20
2009,25,AC Milan,2,48,16,41,25
2009,25,AS Roma,3,47,15,42,27
2009,25,SSC Napoli,4,39,5,32,27
2009,25,Sampdoria,5,39,1,32,31
2009,25,Juventus,6,38,6,38,32
2009,25,US Palermo,7,37,2,32,30
2009,25,Cagliari Calcio,8,35,6,38,32
2009,25,Genoa,9,35,-1,38,39
2009,25,Bari,10,32,3,31,28
2009,25,Fiorentina,11,31,0,29,29
2009,25,Parma,12,30,-8,26,34
2009,25,Chievo Verona,13,29,-2,23,25
2009,25,Bologna,14,28,-6,25,31
2009,25,Udinese,15,27,-3,30,33
2009,25,Lazio,16,25,-5,19,24
2009,25,Catania,17,24,-7,23,30
2009,25,AS Livorno,18,23,-17,15,32
2009,25,Atalanta,19,21,-13,21,34
2009,25,Siena,20,16,-21,25,46
2009,26,Inter,1,55,29,49,20
2009,26,AC Milan,2,51,18,43,25
2009,26,AS Roma,3,50,16,43,27
2009,26,Juventus,4,41,7,40,33
2009,26,SSC Napoli,5,40,5,32,27
2009,26,US Palermo,6,40,4,35,31
2009,26,Sampdoria,7,40,1,32,31
2009,26,Cagliari Calcio,8,38,8,40,32
2009,26,Genoa,9,38,2,41,39
2009,26,Fiorentina,10,34,1,31,30
2009,26,Bari,11,32,1,31,30
2009,26,Chievo Verona,12,32,-1,24,25
2009,26,Parma,13,30,-10,26,36
2009,26,Bologna,14,28,-7,26,33
2009,26,Udinese,15,27,-6,30,36
2009,26,Lazio,16,25,-7,20,27
2009,26,Catania,17,24,-8,23,31
2009,26,AS Livorno,18,23,-18,16,34
2009,26,Atalanta,19,21,-14,21,35
2009,26,Siena,20,17,-21,25,46
2009,27,Inter,1,58,30,52,22
2009,27,AC Milan,2,54,20,46,26
2009,27,AS Roma,3,51,16,45,29
2009,27,US Palermo,4,43,6,37,31
2009,27,Juventus,5,41,5,40,35
2009,27,SSC Napoli,6,41,5,34,29
2009,27,Sampdoria,7,40,0,32,32
2009,27,Cagliari Calcio,8,38,7,41,34
2009,27,Genoa,9,38,1,44,43
2009,27,Fiorentina,10,35,1,32,31
2009,27,Chievo Verona,11,35,0,26,26
2009,27,Parma,12,33,-9,27,36
2009,27,Bari,13,32,-3,31,34
2009,27,Bologna,14,31,-6,30,36
2009,27,Catania,15,27,-4,27,31
2009,27,Udinese,16,27,-7,32,39
2009,27,Lazio,17,26,-7,21,28
2009,27,AS Livorno,18,23,-19,17,36
2009,27,Atalanta,19,21,-16,22,38
2009,27,Siena,20,20,-20,27,47
2009,28,Inter,1,59,30,52,22
2009,28,AC Milan,2,55,20,46,26
2009,28,AS Roma,3,52,16,45,29
2009,28,US Palermo,4,46,7,38,31
2009,28,Juventus,5,44,6,42,36
2009,28,Sampdoria,6,43,1,34,33
2009,28,SSC Napoli,7,41,4,35,31
2009,28,Cagliari Calcio,8,39,7,43,36
2009,28,Genoa,9,39,1,44,43
2009,28,Fiorentina,10,35,0,33,33
2009,28,Chievo Verona,11,35,-1,26,27
2009,28,Bari,12,35,-2,32,34
2009,28,Bologna,13,34,-5,32,37
2009,28,Parma,14,34,-9,28,37
2009,28,Catania,15,28,-4,29,33
2009,28,Udinese,16,28,-7,32,39
2009,28,Lazio,17,26,-8,22,30
2009,28,AS Livorno,18,23,-20,17,37
2009,28,Atalanta,19,22,-16,22,38
2009,28,Siena,20,21,-20,28,48
2009,29,Inter,1,59,28,53,25
2009,29,AC Milan,2,58,21,47,26
2009,29,AS Roma,3,53,16,48,32
2009,29,US Palermo,4,46,6,40,34
2009,29,Juventus,5,45,6,45,39
2009,29,Sampdoria,6,44,1,35,34
2009,29,Genoa,7,42,3,49,46
2009,29,SSC Napoli,8,41,2,36,34
2009,29,Cagliari Calcio,9,39,5,46,41
2009,29,Fiorentina,10,38,2,36,34
2009,29,Bari,11,38,0,34,34
2009,29,Parma,12,37,-8,29,37
2009,29,Chievo Verona,13,35,-2,26,28
2009,29,Bologna,14,35,-5,33,38
2009,29,Catania,15,31,-2,32,34
2009,29,Udinese,16,31,-6,35,41
2009,29,Lazio,17,26,-10,22,32
2009,29,AS Livorno,18,24,-20,20,40
2009,29,Atalanta,19,22,-17,22,39
2009,29,Siena,20,22,-20,31,51
2009,30,Inter,1,60,28,54,26
2009,30,AC Milan,2,59,21,48,27
2009,30,AS Roma,3,56,18,52,34
2009,30,US Palermo,4,47,6,41,35
2009,30,Sampdoria,5,47,2,36,34
2009,30,Juventus,6,45,5,45,40
2009,30,SSC Napoli,7,42,2,37,35
2009,30,Genoa,8,42,0,49,49
2009,30,Fiorentina,9,41,5,39,34
2009,30,Cagliari Calcio,10,39,3,46,43
2009,30,Bari,11,39,0,35,35
2009,30,Parma,12,38,-8,30,38
2009,30,Chievo Verona,13,36,-2,27,29
2009,30,Bologna,14,35,-6,33,39
2009,30,Catania,15,32,-2,33,35
2009,30,Udinese,16,31,-8,37,45
2009,30,Lazio,17,29,-8,24,32
2009,30,Atalanta,18,25,-14,25,39
2009,30,Siena,19,25,-19,32,51
2009,30,AS Livorno,20,24,-23,20,43
2009,31,Inter,1,63,31,57,26
2009,31,AS Roma,2,59,20,54,34
2009,31,AC Milan,3,59,20,48,28
2009,31,US Palermo,4,48,6,43,37
2009,31,Sampdoria,5,47,1,37,36
2009,31,SSC Napoli,6,45,4,40,36
2009,31,Juventus,7,45,3,46,43
2009,31,Genoa,8,43,0,51,51
2009,31,Bari,9,42,1,37,36
2009,31,Fiorentina,10,41,4,39,35
2009,31,Parma,11,41,-7,31,38
2009,31,Cagliari Calcio,12,39,1,47,46
2009,31,Chievo Verona,13,37,-2,27,29
2009,31,Catania,14,35,-1,34,35
2009,31,Bologna,15,35,-8,33,41
2009,31,Lazio,16,32,-6,26,32
2009,31,Udinese,17,32,-8,37,45
2009,31,Atalanta,18,28,-12,28,40
2009,31,Siena,19,25,-21,32,53
2009,31,AS Livorno,20,24,-26,20,46
2009,32,Inter,1,63,30,58,28
2009,32,AS Roma,2,62,21,56,35
2009,32,AC Milan,3,60,20,49,29
2009,32,US Palermo,4,51,8,46,38
2009,32,SSC Napoli,5,48,5,41,36
2009,32,Juventus,6,48,4,48,44
2009,32,Sampdoria,7,48,1,38,37
2009,32,Fiorentina,8,44,7,43,36
2009,32,Genoa,9,44,0,51,51
2009,32,Bari,10,43,1,38,37
2009,32,Parma,11,42,-7,31,38
2009,32,Cagliari Calcio,12,40,1,48,47
2009,32,Chievo Verona,13,38,-2,27,29
2009,32,Catania,14,35,-2,34,36
2009,32,Bologna,15,35,-10,34,44
2009,32,Lazio,16,33,-6,27,33
2009,32,Udinese,17,32,-11,38,49
2009,32,Atalanta,18,28,-13,29,42
2009,32,Siena,19,26,-21,32,53
2009,32,AS Livorno,20,25,-26,21,47
2009,33,Inter,1,66,33,61,28
2009,33,AS Roma,2,65,22,57,35
2009,33,AC Milan,3,63,21,52,31
2009,33,US Palermo,4,51,6,46,40
2009,33,Sampdoria,5,51,2,40,38
2009,33,SSC Napoli,6,49,5,42,37
2009,33,Juventus,7,48,1,48,47
2009,33,Fiorentina,8,45,7,44,37
2009,33,Genoa,9,45,0,52,52
2009,33,Bari,10,43,0,38,38
2009,33,Parma,11,43,-7,32,39
2009,33,Cagliari Calcio,12,40,0,50,50
2009,33,Catania,13,38,0,36,36
2009,33,Chievo Verona,14,38,-3,28,31
2009,33,Udinese,15,35,-8,41,49
2009,33,Bologna,16,35,-13,34,47
2009,33,Lazio,17,34,-6,28,34
2009,33,Atalanta,18,31,-11,31,42
2009,33,Siena,19,26,-23,32,55
2009,33,AS Livorno,20,26,-26,22,48
2009,34,AS Roma,1,68,23,59,36
2009,34,Inter,2,67,33,63,30
2009,34,AC Milan,3,64,21,54,33
2009,34,US Palermo,4,54,8,49,41
2009,34,Sampdoria,5,54,3,41,38
2009,34,Juventus,6,51,2,49,47
2009,34,SSC Napoli,7,49,4,44,40
2009,34,Fiorentina,8,46,7,46,39
2009,34,Parma,9,46,-6,35,41
2009,34,Genoa,10,45,-1,52,53
2009,34,Bari,11,43,-1,40,41
2009,34,Cagliari Calcio,12,40,-1,50,51
2009,34,Catania,13,39,0,38,38
2009,34,Chievo Verona,14,38,-5,29,34
2009,34,Udinese,15,38,-6,43,49
2009,34,Lazio,16,37,-5,31,36
2009,34,Bologna,17,35,-14,36,50
2009,34,Atalanta,18,31,-12,32,44
2009,34,Siena,19,29,-22,35,57
2009,34,AS Livorno,20,26,-28,22,50
2009,35,AS Roma,1,71,24,61,37
2009,35,Inter,2,70,35,65,30
2009,35,AC Milan,3,64,20,55,35
2009,35,Sampdoria,4,57,4,43,39
2009,35,US Palermo,5,55,8,51,43
2009,35,SSC Napoli,6,52,5,46,41
2009,35,Juventus,7,51,0,49,49
2009,35,Genoa,8,48,0,55,55
2009,35,Fiorentina,9,46,6,47,41
2009,35,Parma,10,46,-7,37,44
2009,35,Bari,11,43,-2,41,43
2009,35,Cagliari Calcio,12,41,-1,52,53
2009,35,Chievo Verona,13,41,-3,31,34
2009,35,Catania,14,40,0,40,40
2009,35,Udinese,15,39,-6,44,50
2009,35,Lazio,16,37,-6,32,38
2009,35,Bologna,17,36,-14,37,51
2009,35,Atalanta,18,34,-11,34,45
2009,35,Siena,19,30,-22,37,59
2009,35,AS Livorno,20,26,-30,22,52
2009,36,Inter,1,73,37,68,31
2009,36,AS Roma,2,71,23,62,39
2009,36,AC Milan,3,64,18,56,38
2009,36,Sampdoria,4,60,5,45,40
2009,36,US Palermo,5,58,10,54,44
2009,36,Juventus,6,54,3,52,49
2009,36,SSC Napoli,7,53,5,46,41
2009,36,Genoa,8,48,-1,56,57
2009,36,Fiorentina,9,46,4,47,43
2009,36,Parma,10,46,-8,38,46
2009,36,Chievo Verona,11,44,-1,33,34
2009,36,Bari,12,43,-5,41,46
2009,36,Cagliari Calcio,13,42,-1,52,53
2009,36,Udinese,14,42,-3,48,51
2009,36,Catania,15,40,-2,41,43
2009,36,Lazio,16,40,-5,34,39
2009,36,Bologna,17,39,-13,39,52
2009,36,Atalanta,18,34,-13,35,48
2009,36,Siena,19,30,-25,38,63
2009,36,AS Livorno,20,29,-28,25,53
2009,37,Inter,1,76,39,70,31
2009,37,AS Roma,2,74,24,64,40
2009,37,AC Milan,3,67,19,57,38
2009,37,Sampdoria,4,63,7,47,40
2009,37,US Palermo,5,61,11,56,45
2009,37,SSC Napoli,6,56,6,48,42
2009,37,Juventus,7,55,3,53,50
2009,37,Genoa,8,48,-4,56,60
2009,37,Fiorentina,9,46,3,47,44
2009,37,Bari,10,46,-2,44,46
2009,37,Parma,11,46,-9,39,48
2009,37,Chievo Verona,12,44,-2,34,36
2009,37,Cagliari Calcio,13,43,-1,54,55
2009,37,Udinese,14,43,-3,50,53
2009,37,Catania,15,41,-2,42,44
2009,37,Lazio,16,40,-7,34,41
2009,37,Bologna,17,40,-13,40,53
2009,37,Atalanta,18,35,-13,36,49
2009,37,Siena,19,30,-26,39,65
2009,37,AS Livorno,20,29,-30,25,55
2009,38,Inter,1,79,40,74,34
2009,38,AS Roma,2,77,25,66,41
2009,38,AC Milan,3,67,18,57,39
2009,38,Sampdoria,4,64,7,48,41
2009,38,US Palermo,5,62,11,57,46
2009,38,SSC Napoli,6,59,8,50,42
2009,38,Juventus,7,55,2,55,53
2009,38,Genoa,8,51,-3,57,60
2009,38,Parma,9,49,-8,42,50
2009,38,Fiorentina,10,47,3,48,45
2009,38,Bari,11,47,-2,47,49
2009,38,Udinese,12,44,-3,53,56
2009,38,Chievo Verona,13,44,-3,37,40
2009,38,Cagliari Calcio,14,43,-2,55,57
2009,38,Lazio,15,43,-6,36,42
2009,38,Catania,16,42,-2,43,45
2009,38,Bologna,17,41,-13,41,54
2009,38,Atalanta,18,35,-15,36,51
2009,38,Siena,19,31,-26,40,66
2009,38,AS Livorno,20,29,-31,26,57
2009,39,Inter,1,82,41,75,34
2009,39,AS Roma,2,80,27,68,41
2009,39,AC Milan,3,70,21,60,39
2009,39,Sampdoria,4,67,8,49,41
2009,39,US Palermo,5,65,12,59,47
2009,39,SSC Napoli,6,59,7,50,43
2009,39,Juventus,7,55,-1,55,56
2009,39,Parma,8,52,-5,46,51
2009,39,Genoa,9,51,-4,57,61
2009,39,Bari,10,50,0,49,49
2009,39,Fiorentina,11,47,1,48,47
2009,39,Lazio,12,46,-4,39,43
2009,39,Catania,13,45,-1,44,45
2009,39,Cagliari Calcio,14,44,-2,56,58
2009,39,Udinese,15,44,-5,54,59
2009,39,Chievo Verona,16,44,-5,37,42
2009,39,Bologna,17,42,-13,42,55
2009,39,Atalanta,18,35,-16,37,53
2009,39,Siena,19,31,-27,40,67
2009,39,AS Livorno,20,29,-34,27,61
2010,2,AC Milan,1,3,4,4,0
2010,2,Parma,2,3,2,2,0
2010,2,Sampdoria,3,3,2,2,0
2010,2,Chievo Verona,4,3,1,2,1
2010,2,Genoa,5,3,1,1,0
2010,2,Bari,6,3,1,1,0
2010,2,Fiorentina,7,1,0,1,1
2010,2,SSC Napoli,8,1,0,1,1
2010,2,AS Roma,9,1,0,0,0
2010,2,US Palermo,10,1,0,0,0
2010,2,Cagliari Calcio,11,1,0,0,0
2010,2,Inter,12,1,0,0,0
2010,2,Cesena,13,1,0,0,0
2010,2,Catania,14,0,-1,1,2
2010,2,Udinese Calcio,15,0,-1,0,1
2010,2,Juventus,16,0,-1,0,1
2010,2,Lazio,17,0,-2,0,2
2010,2,Brescia,18,0,-2,0,2
2010,2,Lecce,19,0,-4,0,4
2010,2,Bologna,20,-2,0,0,0
2010,3,Chievo Verona,1,6,3,5,2
2010,3,Cagliari Calcio,2,4,4,5,1
2010,3,Sampdoria,3,4,2,5,3
2010,3,Cesena,4,4,2,2,0
2010,3,Bari,5,4,1,3,2
2010,3,Inter,6,4,1,2,1
2010,3,AC Milan,7,3,2,4,2
2010,3,Parma,8,3,1,3,2
2010,3,Lazio,9,3,0,3,3
2010,3,Catania,10,3,0,3,3
2010,3,Brescia,11,3,-1,3,4
2010,3,Genoa,12,3,-1,2,3
2010,3,Lecce,13,3,-3,1,4
2010,3,SSC Napoli,14,2,0,3,3
2010,3,Juventus,15,1,-1,3,4
2010,3,US Palermo,16,1,-1,2,3
2010,3,Fiorentina,17,1,-1,1,2
2010,3,AS Roma,18,1,-4,1,5
2010,3,Udinese Calcio,19,0,-2,1,3
2010,3,Bologna,20,-2,-2,1,3
2010,4,Cesena,1,7,3,3,0
2010,4,Inter,2,7,2,4,2
2010,4,Chievo Verona,3,6,2,5,3
2010,4,Lazio,4,6,1,5,4
2010,4,Brescia,5,6,0,4,4
2010,4,Cagliari Calcio,6,5,4,5,1
2010,4,SSC Napoli,7,5,1,5,4
2010,4,Bari,8,5,1,3,2
2010,4,Juventus,9,4,3,7,4
2010,4,AC Milan,10,4,2,5,3
2010,4,Sampdoria,11,4,1,6,5
2010,4,Parma,12,4,1,4,3
2010,4,Catania,13,4,0,4,4
2010,4,Genoa,14,4,-1,3,4
2010,4,Lecce,15,3,-4,1,5
2010,4,AS Roma,16,2,-4,3,7
2010,4,US Palermo,17,1,-2,3,5
2010,4,Fiorentina,18,1,-2,2,4
2010,4,Udinese Calcio,19,0,-6,1,7
2010,4,Bologna,20,-1,-2,3,5
2010,5,Inter,1,10,6,8,2
2010,5,Chievo Verona,2,9,4,8,4
2010,5,Brescia,3,9,1,6,5
2010,5,Catania,4,7,2,6,4
2010,5,Lazio,5,7,1,6,5
2010,5,Cesena,6,7,1,3,2
2010,5,Cagliari Calcio,7,6,4,5,1
2010,5,AC Milan,8,5,2,6,4
2010,5,Sampdoria,9,5,1,6,5
2010,5,Parma,10,5,1,5,4
2010,5,SSC Napoli,11,5,-1,6,7
2010,5,Genoa,12,5,-1,4,5
2010,5,Bari,13,5,-3,3,6
2010,5,Juventus,14,4,1,8,7
2010,5,US Palermo,15,4,0,6,6
2010,5,Lecce,16,4,-4,2,6
2010,5,Bologna,17,2,-1,5,6
2010,5,Fiorentina,18,2,-2,3,5
2010,5,AS Roma,19,2,-5,4,9
2010,5,Udinese Calcio,20,0,-7,2,9
2010,6,Inter,1,10,5,8,3
2010,6,Lazio,2,10,2,7,5
2010,6,Chievo Verona,3,9,3,8,5
2010,6,Brescia,4,9,0,7,7
2010,6,AC Milan,5,8,3,7,4
2010,6,SSC Napoli,6,8,2,10,8
2010,6,Catania,7,8,2,7,5
2010,6,Bari,8,8,-2,5,7
2010,6,Juventus,9,7,3,12,9
2010,6,Cesena,10,7,-2,4,6
2010,6,Cagliari Calcio,11,6,2,7,5
2010,6,Sampdoria,12,6,1,6,5
2010,6,US Palermo,13,5,0,8,8
2010,6,Fiorentina,14,5,0,5,5
2010,6,Parma,15,5,-1,5,6
2010,6,Genoa,16,5,-2,4,6
2010,6,AS Roma,17,5,-4,5,9
2010,6,Lecce,18,5,-4,4,8
2010,6,Bologna,19,3,-1,6,7
2010,6,Udinese Calcio,20,1,-7,2,9
2010,7,Lazio,1,13,3,8,5
2010,7,Inter,2,11,5,8,3
2010,7,SSC Napoli,3,11,4,12,8
2010,7,AC Milan,4,11,4,8,4
2010,7,Chievo Verona,5,10,3,8,5
2010,7,Brescia,6,9,-1,7,8
2010,7,Juventus,7,8,3,12,9
2010,7,US Palermo,8,8,1,10,9
2010,7,Catania,9,8,1,7,6
2010,7,Genoa,10,8,-1,6,7
2010,7,Bari,11,8,-3,6,9
2010,7,Lecce,12,8,-3,5,8
2010,7,Cagliari Calcio,13,7,2,7,5
2010,7,Sampdoria,14,7,1,7,6
2010,7,Cesena,15,7,-3,4,7
2010,7,Fiorentina,16,5,-1,6,7
2010,7,Parma,17,5,-2,5,7
2010,7,AS Roma,18,5,-6,5,11
2010,7,Bologna,19,4,-1,7,8
2010,7,Udinese Calcio,20,4,-6,3,9
2010,8,Lazio,1,16,5,10,5
2010,8,AC Milan,2,14,6,11,5
2010,8,Inter,3,14,6,9,3
2010,8,SSC Napoli,4,12,4,13,9
2010,8,Juventus,5,11,7,16,9
2010,8,US Palermo,6,11,4,14,10
2010,8,Sampdoria,7,10,2,9,7
2010,8,Chievo Verona,8,10,1,9,8
2010,8,Catania,9,9,1,8,7
2010,8,Brescia,10,9,-2,7,9
2010,8,Genoa,11,8,-2,7,9
2010,8,Cesena,12,8,-3,5,8
2010,8,AS Roma,13,8,-5,7,12
2010,8,Bari,14,8,-5,6,11
2010,8,Lecce,15,8,-7,5,12
2010,8,Cagliari Calcio,16,7,1,7,6
2010,8,Udinese Calcio,17,7,-5,4,9
2010,8,Parma,18,6,-2,6,8
2010,8,Fiorentina,19,5,-2,7,9
2010,8,Bologna,20,4,-4,8,12
2010,9,Lazio,1,19,6,12,6
2010,9,AC Milan,2,17,7,13,6
2010,9,Inter,3,15,6,10,4
2010,9,Chievo Verona,4,13,2,11,9
2010,9,Juventus,5,12,7,16,9
2010,9,SSC Napoli,6,12,3,14,11
2010,9,US Palermo,7,11,3,15,12
2010,9,Sampdoria,8,11,2,10,8
2010,9,Genoa,9,11,-1,8,9
2010,9,Lecce,10,11,-6,7,13
2010,9,Udinese Calcio,11,10,-4,6,10
2010,9,Catania,12,9,0,8,8
2010,9,Brescia,13,9,-3,8,11
2010,9,AS Roma,14,9,-5,7,12
2010,9,Fiorentina,15,8,-1,9,10
2010,9,Cesena,16,8,-4,6,10
2010,9,Bari,17,8,-6,7,13
2010,9,Cagliari Calcio,18,7,0,8,8
2010,9,Parma,19,7,-2,6,8
2010,9,Bologna,20,5,-4,8,12
2010,10,Lazio,1,22,7,13,6
2010,10,Inter,2,18,7,11,4
2010,10,AC Milan,3,17,6,14,8
2010,10,Juventus,4,15,8,18,10
2010,10,SSC Napoli,5,15,4,15,11
2010,10,Sampdoria,6,14,3,11,8
2010,10,Chievo Verona,7,14,2,11,9
2010,10,Udinese Calcio,8,13,-2,8,10
2010,10,AS Roma,9,12,-3,9,12
2010,10,US Palermo,10,11,2,15,13
2010,10,Genoa,11,11,-2,8,10
2010,10,Lecce,12,11,-8,7,15
2010,10,Cagliari Calcio,13,10,2,10,8
2010,10,Catania,14,10,0,8,8
2010,10,Fiorentina,15,9,-1,9,10
2010,10,Brescia,16,9,-4,8,12
2010,10,Parma,17,8,-2,6,8
2010,10,Cesena,18,8,-5,6,11
2010,10,Bari,19,8,-8,7,15
2010,10,Bologna,20,5,-6,8,14
2010,11,Lazio,1,22,5,13,8
2010,11,AC Milan,2,20,7,17,10
2010,11,Inter,3,19,7,12,5
2010,11,Juventus,4,18,10,21,11
2010,11,SSC Napoli,5,18,6,17,11
2010,11,Sampdoria,6,15,3,11,8
2010,11,AS Roma,7,15,-1,11,12
2010,11,US Palermo,8,14,3,16,13
2010,11,Chievo Verona,9,14,1,11,10
2010,11,Udinese Calcio,10,14,-2,9,11
2010,11,Fiorentina,11,12,0,10,10
2010,11,Cagliari Calcio,12,11,2,11,9
2010,11,Catania,13,11,0,8,8
2010,11,Genoa,14,11,-3,8,11
2010,11,Lecce,15,11,-10,7,17
2010,11,Brescia,16,10,-4,9,13
2010,11,Bologna,17,8,-4,10,14
2010,11,Parma,18,8,-4,6,10
2010,11,Cesena,19,8,-7,7,14
2010,11,Bari,20,8,-9,9,18
2010,12,AC Milan,1,23,9,20,11
2010,12,Lazio,2,22,4,13,9
2010,12,SSC Napoli,3,21,7,18,11
2010,12,Inter,4,20,7,13,6
2010,12,Juventus,5,19,10,22,12
2010,12,AS Roma,6,18,0,14,14
2010,12,Sampdoria,7,15,2,11,9
2010,12,Chievo Verona,8,15,1,11,10
2010,12,US Palermo,9,14,1,17,16
2010,12,Catania,10,14,1,9,8
2010,12,Genoa,11,14,-2,9,11
2010,12,Udinese Calcio,12,14,-3,9,12
2010,12,Fiorentina,13,12,-1,12,13
2010,12,Lecce,14,12,-10,8,18
2010,12,Cagliari Calcio,15,11,1,11,10
2010,12,Parma,16,11,-3,7,10
2010,12,Brescia,17,11,-4,10,14
2010,12,Cesena,18,11,-6,8,14
2010,12,Bari,19,9,-9,9,18
2010,12,Bologna,20,8,-5,10,15
2010,13,AC Milan,1,26,10,21,11
2010,13,Lazio,2,25,6,15,9
2010,13,SSC Napoli,3,21,5,18,13
2010,13,Juventus,4,20,10,23,13
2010,13,Inter,5,20,6,13,7
2010,13,AS Roma,6,19,0,15,15
2010,13,US Palermo,7,17,3,20,17
2010,13,Udinese Calcio,8,17,1,13,12
2010,13,Genoa,9,17,-1,10,11
2010,13,Sampdoria,10,16,2,11,9
2010,13,Chievo Verona,11,16,1,11,10
2010,13,Fiorentina,12,15,0,13,13
2010,13,Catania,13,14,-1,10,11
2010,13,Parma,14,14,-2,8,10
2010,13,Lecce,15,12,-14,8,22
2010,13,Cagliari Calcio,16,11,0,11,11
2010,13,Bologna,17,11,-4,11,15
2010,13,Brescia,18,11,-5,10,15
2010,13,Cesena,19,11,-7,8,15
2010,13,Bari,20,9,-10,9,19
2010,14,AC Milan,1,29,11,22,11
2010,14,Lazio,2,26,6,16,10
2010,14,SSC Napoli,3,24,8,22,14
2010,14,Juventus,4,23,12,25,13
2010,14,AS Roma,5,22,2,17,15
2010,14,Inter,6,20,5,14,9
2010,14,US Palermo,7,20,4,22,18
2010,14,Sampdoria,8,19,3,14,11
2010,14,Chievo Verona,9,19,2,13,11
2010,14,Catania,10,17,0,11,11
2010,14,Udinese Calcio,11,17,-1,13,14
2010,14,Genoa,12,17,-3,10,13
2010,14,Fiorentina,13,15,-1,13,14
2010,14,Parma,14,15,-2,9,11
2010,14,Cagliari Calcio,15,14,1,13,12
2010,14,Lecce,16,12,-15,10,25
2010,14,Brescia,17,11,-6,11,17
2010,14,Bologna,18,11,-7,12,19
2010,14,Cesena,19,11,-8,9,17
2010,14,Bari,20,9,-11,9,20
2010,15,AC Milan,1,30,11,23,12
2010,15,Lazio,2,27,6,17,11
2010,15,Juventus,3,24,12,26,14
2010,15,SSC Napoli,4,24,6,23,17
2010,15,Inter,5,23,8,19,11
2010,15,US Palermo,6,23,6,25,19
2010,15,AS Roma,7,22,0,18,18
2010,15,Sampdoria,8,20,3,15,12
2010,15,Udinese Calcio,9,20,1,16,15
2010,15,Chievo Verona,10,19,1,14,13
2010,15,Catania,11,18,0,12,12
2010,15,Genoa,12,18,-3,10,13
2010,15,Cagliari Calcio,13,17,2,16,14
2010,15,Fiorentina,14,16,-1,14,15
2010,15,Parma,15,15,-5,11,16
2010,15,Bologna,16,14,-6,14,20
2010,15,Brescia,17,12,-6,11,17
2010,15,Cesena,18,12,-8,10,18
2010,15,Lecce,19,12,-16,12,28
2010,15,Bari,20,10,-11,10,21
2010,16,AC Milan,1,33,14,26,12
2010,16,Lazio,2,30,8,20,12
2010,16,Juventus,3,27,14,29,15
2010,16,SSC Napoli,4,27,7,24,17
2010,16,Inter,5,23,6,20,14
2010,16,Sampdoria,6,23,6,18,12
2010,16,US Palermo,7,23,5,25,20
2010,16,AS Roma,8,23,0,20,20
2010,16,Genoa,9,21,-1,13,14
2010,16,Chievo Verona,10,20,1,16,15
2010,16,Udinese Calcio,11,20,0,17,17
2010,16,Fiorentina,12,19,0,15,15
2010,16,Catania,13,18,-2,13,15
2010,16,Parma,14,18,-4,13,17
2010,16,Cagliari Calcio,15,17,1,16,15
2010,16,Bologna,16,17,-4,16,20
2010,16,Brescia,17,12,-9,11,20
2010,16,Cesena,18,12,-10,10,20
2010,16,Lecce,19,12,-18,13,31
2010,16,Bari,20,10,-14,10,24
2010,17,AC Milan,1,36,17,29,12
2010,17,Juventus,2,30,15,31,16
2010,17,SSC Napoli,3,30,8,25,17
2010,17,Lazio,4,30,7,21,14
2010,17,US Palermo,5,26,7,28,21
2010,17,Inter,6,26,7,23,16
2010,17,AS Roma,7,26,1,21,20
2010,17,Sampdoria,8,23,5,18,13
2010,17,Udinese Calcio,9,23,1,19,18
2010,17,Genoa,10,21,-2,13,15
2010,17,Cagliari Calcio,11,20,4,19,15
2010,17,Chievo Verona,12,20,0,18,18
2010,17,Fiorentina,13,19,-1,16,17
2010,17,Catania,14,18,-5,13,18
2010,17,Parma,15,18,-6,14,20
2010,17,Bologna,16,17,-7,16,23
2010,17,Brescia,17,15,-8,12,20
2010,17,Lecce,18,15,-17,16,33
2010,17,Cesena,19,12,-11,12,23
2010,17,Bari,20,10,-15,10,25
2010,18,AC Milan,1,36,16,29,13
2010,18,SSC Napoli,2,33,9,26,17
2010,18,Lazio,3,33,8,24,16
2010,18,Juventus,4,31,15,32,17
2010,18,Inter,5,29,8,25,17
2010,18,AS Roma,6,29,2,22,20
2010,18,US Palermo,7,27,7,29,22
2010,18,Genoa,8,24,-1,14,15
2010,18,Sampdoria,9,23,4,18,14
2010,18,Udinese Calcio,10,23,0,21,21
2010,18,Chievo Verona,11,21,0,19,19
2010,18,Catania,12,21,-4,14,18
2010,18,Cagliari Calcio,13,20,3,19,16
2010,18,Fiorentina,14,19,-2,17,19
2010,18,Parma,15,19,-6,14,20
2010,18,Bologna,16,18,-7,16,23
2010,18,Brescia,17,15,-9,12,21
2010,18,Cesena,18,15,-10,13,23
2010,18,Lecce,19,15,-18,16,34
2010,18,Bari,20,11,-15,11,26
2010,19,AC Milan,1,39,17,30,13
2010,19,Lazio,2,34,8,24,16
2010,19,SSC Napoli,3,33,7,27,20
2010,19,Inter,4,32,10,28,18
2010,19,AS Roma,5,32,4,26,22
2010,19,Juventus,6,31,12,33,21
2010,19,US Palermo,7,30,10,32,22
2010,19,Udinese Calcio,8,26,2,23,21
2010,19,Genoa,9,25,-1,14,15
2010,19,Sampdoria,10,23,1,18,17
2010,19,Parma,11,22,-3,18,21
2010,19,Chievo Verona,12,21,-2,19,21
2010,19,Catania,13,21,-6,16,22
2010,19,Cagliari Calcio,14,20,2,19,17
2010,19,Fiorentina,15,20,-2,18,20
2010,19,Bologna,16,19,-7,17,24
2010,19,Cesena,17,18,-9,15,24
2010,19,Brescia,18,15,-10,13,23
2010,19,Lecce,19,15,-19,16,35
2010,19,Bari,20,14,-14,12,26
2010,20,AC Milan,1,40,17,34,17
2010,20,SSC Napoli,2,36,10,30,20
2010,20,Inter,3,35,11,30,19
2010,20,Lazio,4,34,7,25,18
2010,20,AS Roma,5,32,3,27,24
2010,20,US Palermo,6,31,10,32,22
2010,20,Juventus,7,31,9,33,24
2010,20,Udinese Calcio,8,27,2,27,25
2010,20,Sampdoria,9,26,2,20,18
2010,20,Genoa,10,26,-1,14,15
2010,20,Cagliari Calcio,11,23,3,21,18
2010,20,Fiorentina,12,23,-1,21,22
2010,20,Chievo Verona,13,22,-2,19,21
2010,20,Parma,14,22,-4,19,23
2010,20,Bologna,15,22,-5,19,24
2010,20,Catania,16,21,-7,17,24
2010,20,Cesena,17,19,-9,15,24
2010,20,Lecce,18,18,-18,18,36
2010,20,Brescia,19,15,-11,15,26
2010,20,Bari,20,14,-16,12,28
2010,21,AC Milan,1,41,17,35,18
2010,21,Inter,2,38,14,34,20
2010,21,SSC Napoli,3,37,10,30,20
2010,21,Lazio,4,37,8,26,18
2010,21,AS Roma,5,35,4,28,24
2010,21,Juventus,6,34,10,35,25
2010,21,US Palermo,7,31,8,33,25
2010,21,Udinese Calcio,8,30,4,31,27
2010,21,Cagliari Calcio,9,26,5,24,19
2010,21,Sampdoria,10,26,1,20,19
2010,21,Genoa,11,26,-3,16,19
2010,21,Fiorentina,12,24,-1,21,22
2010,21,Chievo Verona,13,23,-2,20,22
2010,21,Parma,14,22,-6,19,25
2010,21,Catania,15,22,-7,18,25
2010,21,Bologna,16,22,-8,20,28
2010,21,Cesena,17,19,-10,15,25
2010,21,Lecce,18,19,-18,19,37
2010,21,Brescia,19,18,-9,17,26
2010,21,Bari,20,14,-17,13,30
2010,22,AC Milan,1,44,19,37,18
2010,22,SSC Napoli,2,40,12,32,20
2010,22,Inter,3,38,12,35,23
2010,22,AS Roma,4,38,7,31,24
2010,22,Lazio,5,37,6,27,21
2010,22,Juventus,6,35,10,35,25
2010,22,US Palermo,7,34,9,34,25
2010,22,Udinese Calcio,8,33,6,34,28
2010,22,Sampdoria,9,27,1,20,19
2010,22,Genoa,10,27,-3,16,19
2010,22,Cagliari Calcio,11,26,2,24,22
2010,22,Fiorentina,12,25,-1,22,23
2010,22,Parma,13,25,-4,21,25
2010,22,Bologna,14,25,-6,23,29
2010,22,Chievo Verona,15,24,-2,20,22
2010,22,Catania,16,22,-9,18,27
2010,22,Lecce,17,20,-18,20,38
2010,22,Cesena,18,19,-12,15,27
2010,22,Brescia,19,18,-10,17,27
2010,22,Bari,20,14,-19,13,32
2010,23,AC Milan,1,47,21,39,18
2010,23,SSC Napoli,2,43,16,36,20
2010,23,Inter,3,41,13,38,25
2010,23,AS Roma,4,41,8,32,24
2010,23,Lazio,5,40,8,29,21
2010,23,Udinese Calcio,6,36,7,36,29
2010,23,Juventus,7,35,9,36,27
2010,23,US Palermo,8,34,8,36,28
2010,23,Genoa,9,30,-1,19,20
2010,23,Cagliari Calcio,10,29,3,26,23
2010,23,Chievo Verona,11,27,1,23,22
2010,23,Sampdoria,12,27,-3,20,23
2010,23,Fiorentina,13,25,-3,22,25
2010,23,Parma,14,25,-6,22,28
2010,23,Bologna,15,25,-7,23,30
2010,23,Catania,16,22,-11,18,29
2010,23,Lecce,17,21,-18,21,39
2010,23,Cesena,18,20,-12,16,28
2010,23,Brescia,19,18,-13,17,30
2010,23,Bari,20,14,-20,14,34
2010,24,AC Milan,1,48,21,39,18
2010,24,Inter,2,44,16,41,25
2010,24,SSC Napoli,3,43,14,36,22
2010,24,AS Roma,4,42,8,33,25
2010,24,Lazio,5,41,8,29,21
2010,24,US Palermo,6,37,9,38,29
2010,24,Udinese Calcio,7,37,7,37,30
2010,24,Juventus,8,35,8,37,29
2010,24,Cagliari Calcio,9,32,4,27,23
2010,24,Chievo Verona,10,30,3,25,22
2010,24,Genoa,11,30,-2,19,21
2010,24,Fiorentina,12,28,-2,23,25
2010,24,Sampdoria,13,27,-4,20,24
2010,24,Bologna,14,26,-7,24,31
2010,24,Parma,15,25,-7,22,29
2010,24,Lecce,16,24,-17,22,39
2010,24,Catania,17,23,-11,19,30
2010,24,Cesena,18,21,-12,17,29
2010,24,Brescia,19,19,-13,18,31
2010,24,Bari,20,14,-23,14,37
2010,25,AC Milan,1,49,21,40,19
2010,25,Inter,2,47,18,46,28
2010,25,SSC Napoli,3,46,16,38,22
2010,25,Lazio,4,42,8,30,22
2010,25,AS Roma,5,42,6,36,30
2010,25,US Palermo,6,40,11,42,31
2010,25,Udinese Calcio,7,40,9,39,30
2010,25,Juventus,8,38,10,40,30
2010,25,Cagliari Calcio,9,32,2,28,26
2010,25,Chievo Verona,10,31,3,26,23
2010,25,Genoa,11,31,-2,20,22
2010,25,Fiorentina,12,29,-2,24,26
2010,25,Bologna,13,29,-6,25,31
2010,25,Sampdoria,14,27,-6,20,26
2010,25,Parma,15,26,-7,23,30
2010,25,Lecce,16,24,-19,24,43
2010,25,Catania,17,23,-12,19,31
2010,25,Brescia,18,22,-11,20,31
2010,25,Cesena,19,21,-14,17,31
2010,25,Bari,20,14,-25,14,39
2010,26,AC Milan,1,52,25,44,19
2010,26,SSC Napoli,2,49,18,40,22
2010,26,Inter,3,47,17,46,29
2010,26,Lazio,4,45,10,32,22
2010,26,Udinese Calcio,5,43,12,42,30
2010,26,AS Roma,6,42,4,36,32
2010,26,Juventus,7,41,11,41,30
2010,26,US Palermo,8,40,9,44,35
2010,26,Cagliari Calcio,9,35,5,32,27
2010,26,Fiorentina,10,32,0,28,28
2010,26,Genoa,11,32,-2,20,22
2010,26,Chievo Verona,12,31,0,27,27
2010,26,Sampdoria,13,30,-4,23,27
2010,26,Bologna,14,29,-8,26,34
2010,26,Parma,15,26,-11,23,34
2010,26,Catania,16,26,-11,22,33
2010,26,Lecce,17,24,-20,26,46
2010,26,Brescia,18,22,-13,20,33
2010,26,Cesena,19,21,-17,17,34
2010,26,Bari,20,15,-25,14,39
2010,27,AC Milan,1,55,26,46,20
2010,27,SSC Napoli,2,52,19,41,22
2010,27,Inter,3,50,18,47,29
2010,27,Lazio,4,48,11,33,22
2010,27,Udinese Calcio,5,44,12,42,30
2010,27,AS Roma,6,42,3,39,36
2010,27,Juventus,7,41,9,41,32
2010,27,US Palermo,8,40,8,44,36
2010,27,Cagliari Calcio,9,35,4,32,28
2010,27,Genoa,10,35,-1,24,25
2010,27,Fiorentina,11,33,0,28,28
2010,27,Bologna,12,32,-7,27,34
2010,27,Chievo Verona,13,31,-1,28,29
2010,27,Sampdoria,14,31,-4,23,27
2010,27,Parma,15,27,-11,25,36
2010,27,Lecce,16,27,-18,28,46
2010,27,Catania,17,26,-12,22,34
2010,27,Brescia,18,23,-13,20,33
2010,27,Cesena,19,22,-17,19,36
2010,27,Bari,20,15,-26,14,40
2010,28,AC Milan,1,58,29,49,20
2010,28,Inter,2,53,20,49,29
2010,28,SSC Napoli,3,52,16,41,25
2010,28,Lazio,4,48,10,33,23
2010,28,Udinese Calcio,5,47,19,49,30
2010,28,AS Roma,6,43,3,41,38
2010,28,Juventus,7,41,7,41,34
2010,28,US Palermo,8,40,1,44,43
2010,28,Cagliari Calcio,9,38,5,33,28
2010,28,Genoa,10,35,-2,25,27
2010,28,Bologna,11,35,-5,29,34
2010,28,Fiorentina,12,34,0,29,29
2010,28,Chievo Verona,13,31,-2,28,30
2010,28,Sampdoria,14,31,-6,23,29
2010,28,Catania,15,29,-11,24,35
2010,28,Parma,16,28,-11,27,38
2010,28,Lecce,17,28,-18,30,48
2010,28,Cesena,18,25,-16,20,36
2010,28,Brescia,19,24,-13,22,35
2010,28,Bari,20,16,-26,15,41
2010,29,AC Milan,1,61,30,50,20
2010,29,Inter,2,56,23,54,31
2010,29,SSC Napoli,3,53,16,41,25
2010,29,Lazio,4,51,12,35,23
2010,29,Udinese Calcio,5,50,20,50,30
2010,29,AS Roma,6,46,4,43,39
2010,29,Juventus,7,41,6,41,35
2010,29,US Palermo,8,40,-1,44,45
2010,29,Cagliari Calcio,9,39,5,35,30
2010,29,Fiorentina,10,37,3,32,29
2010,29,Bologna,11,36,-5,31,36
2010,29,Genoa,12,35,-5,27,32
2010,29,Chievo Verona,13,32,-2,28,30
2010,29,Sampdoria,14,31,-7,25,32
2010,29,Parma,15,29,-11,27,38
2010,29,Catania,16,29,-14,24,38
2010,29,Cesena,17,28,-15,23,38
2010,29,Lecce,18,28,-19,31,50
2010,29,Brescia,19,25,-13,22,35
2010,29,Bari,20,16,-27,15,42
2010,30,AC Milan,1,62,30,51,21
2010,30,Inter,2,57,23,55,32
2010,30,SSC Napoli,3,56,18,44,26
2010,30,Udinese Calcio,4,53,24,54,30
2010,30,Lazio,5,51,10,35,25
2010,30,AS Roma,6,49,6,45,39
2010,30,Juventus,7,42,6,43,37
2010,30,Fiorentina,8,40,4,33,29
2010,30,US Palermo,9,40,-2,44,46
2010,30,Cagliari Calcio,10,39,1,35,34
2010,30,Bologna,11,39,-4,32,36
2010,30,Genoa,12,38,-4,28,32
2010,30,Chievo Verona,13,32,-3,28,31
2010,30,Catania,14,32,-13,25,38
2010,30,Sampdoria,15,31,-8,25,33
2010,30,Parma,16,29,-13,28,41
2010,30,Cesena,17,29,-15,25,40
2010,30,Lecce,18,28,-20,31,51
2010,30,Brescia,19,26,-13,23,36
2010,30,Bari,20,17,-27,16,43
2010,31,AC Milan,1,62,29,51,22
2010,31,Inter,2,60,24,56,32
2010,31,SSC Napoli,3,59,19,46,27
2010,31,Udinese Calcio,4,56,26,56,30
2010,31,Lazio,5,54,11,36,25
2010,31,AS Roma,6,50,6,47,41
2010,31,Juventus,7,45,7,45,38
2010,31,US Palermo,8,43,-1,45,46
2010,31,Fiorentina,9,41,4,35,31
2010,31,Bologna,10,40,-4,33,37
2010,31,Cagliari Calcio,11,39,0,36,36
2010,31,Genoa,12,39,-4,29,33
2010,31,Chievo Verona,13,35,-2,30,32
2010,31,Parma,14,32,-12,29,41
2010,31,Catania,15,32,-15,25,40
2010,31,Sampdoria,16,31,-9,25,34
2010,31,Cesena,17,29,-16,25,41
2010,31,Lecce,18,28,-21,31,52
2010,31,Brescia,19,26,-14,24,38
2010,31,Bari,20,17,-28,17,45
2010,32,AC Milan,1,65,32,54,22
2010,32,SSC Napoli,2,62,20,50,30
2010,32,Inter,3,60,21,56,35
2010,32,Udinese Calcio,4,56,24,56,32
2010,32,Lazio,5,54,10,39,29
2010,32,AS Roma,6,50,4,47,43
2010,32,Juventus,7,48,9,47,38
2010,32,US Palermo,8,43,-5,45,50
2010,32,Fiorentina,9,42,4,37,33
2010,32,Cagliari Calcio,10,42,1,37,36
2010,32,Bologna,11,40,-6,34,40
2010,32,Genoa,12,39,-5,29,34
2010,32,Chievo Verona,13,36,-2,30,32
2010,32,Catania,14,35,-11,29,40
2010,32,Sampdoria,15,32,-9,25,34
2010,32,Parma,16,32,-13,30,43
2010,32,Lecce,17,31,-19,33,52
2010,32,Cesena,18,30,-16,27,43
2010,32,Brescia,19,29,-12,27,39
2010,32,Bari,20,20,-27,19,46
2010,33,AC Milan,1,68,33,56,23
2010,33,SSC Napoli,2,65,22,52,30
2010,33,Inter,3,63,23,58,35
2010,33,Lazio,4,57,12,41,29
2010,33,Udinese Calcio,5,56,23,57,34
2010,33,AS Roma,6,53,5,49,44
2010,33,Juventus,7,51,10,50,40
2010,33,US Palermo,8,44,-5,47,52
2010,33,Cagliari Calcio,9,43,1,38,37
2010,33,Fiorentina,10,42,3,38,35
2010,33,Bologna,11,40,-8,34,42
2010,33,Genoa,12,39,-6,31,37
2010,33,Chievo Verona,13,36,-4,30,34
2010,33,Catania,14,36,-11,30,41
2010,33,Lecce,15,34,-18,35,53
2010,33,Sampdoria,16,32,-10,26,36
2010,33,Parma,17,32,-15,30,45
2010,33,Cesena,18,31,-16,29,45
2010,33,Brescia,19,30,-12,28,40
2010,33,Bari,20,21,-27,20,47
2010,34,AC Milan,1,71,36,59,23
2010,34,SSC Napoli,2,65,21,53,32
2010,34,Inter,3,63,21,58,37
2010,34,Lazio,4,60,15,45,30
2010,34,Udinese Calcio,5,59,24,59,35
2010,34,AS Roma,6,53,4,51,47
2010,34,Juventus,7,52,10,50,40
2010,34,US Palermo,8,47,-4,50,54
2010,34,Cagliari Calcio,9,44,1,41,40
2010,34,Fiorentina,10,43,3,38,35
2010,34,Genoa,11,42,-3,34,37
2010,34,Bologna,12,40,-10,34,44
2010,34,Chievo Verona,13,39,-2,32,34
2010,34,Catania,14,36,-14,31,45
2010,34,Parma,15,35,-13,32,45
2010,34,Lecce,16,35,-18,38,56
2010,34,Cesena,17,34,-15,30,45
2010,34,Sampdoria,18,32,-13,26,39
2010,34,Brescia,19,30,-15,28,43
2010,34,Bari,20,21,-28,20,48
2010,35,AC Milan,1,74,37,60,23
2010,35,Inter,2,66,22,60,38
2010,35,SSC Napoli,3,65,20,54,34
2010,35,Lazio,4,60,14,46,32
2010,35,Udinese Calcio,5,59,22,59,37
2010,35,AS Roma,6,56,5,52,47
2010,35,Juventus,7,53,10,52,42
2010,35,US Palermo,8,50,-3,52,55
2010,35,Fiorentina,9,46,4,40,36
2010,35,Genoa,10,45,-1,38,39
2010,35,Cagliari Calcio,11,44,0,42,42
2010,35,Bologna,12,40,-12,34,46
2010,35,Chievo Verona,13,39,-3,32,35
2010,35,Parma,14,38,-11,34,45
2010,35,Cesena,15,37,-13,32,45
2010,35,Catania,16,37,-14,33,47
2010,35,Sampdoria,17,35,-12,27,39
2010,35,Lecce,18,35,-20,40,60
2010,35,Brescia,19,30,-16,28,44
2010,35,Bari,20,21,-29,20,49
2010,36,AC Milan,1,77,38,61,23
2010,36,Inter,2,69,23,62,39
2010,36,SSC Napoli,3,68,21,55,34
2010,36,Lazio,4,60,13,46,33
2010,36,Udinese Calcio,5,59,19,61,42
2010,36,AS Roma,6,59,6,55,49
2010,36,Juventus,7,56,11,53,42
2010,36,US Palermo,8,50,-5,53,58
2010,36,Fiorentina,9,49,7,45,38
2010,36,Genoa,10,45,-2,38,40
2010,36,Cagliari Calcio,11,44,-2,42,44
2010,36,Chievo Verona,12,42,-2,33,35
2010,36,Parma,13,41,-9,37,46
2010,36,Catania,14,40,-12,35,47
2010,36,Bologna,15,40,-13,34,47
2010,36,Cesena,16,37,-14,33,47
2010,36,Sampdoria,17,36,-12,30,42
2010,36,Lecce,18,35,-21,40,61
2010,36,Brescia,19,31,-16,31,47
2010,36,Bari,20,21,-30,22,52
2010,37,AC Milan,1,78,38,61,23
2010,37,Inter,2,72,25,65,40
2010,37,SSC Napoli,3,68,20,56,36
2010,37,Udinese Calcio,4,62,20,63,43
2010,37,Lazio,5,60,12,47,35
2010,37,AS Roma,6,60,6,55,49
2010,37,Juventus,7,57,11,55,44
2010,37,US Palermo,8,53,-4,55,59
2010,37,Fiorentina,9,49,5,46,41
2010,37,Genoa,10,48,-1,40,41
2010,37,Cagliari Calcio,11,44,-4,42,46
2010,37,Chievo Verona,12,43,-2,35,37
2010,37,Catania,13,43,-11,37,48
2010,37,Parma,14,42,-9,37,46
2010,37,Bologna,15,41,-13,34,47
2010,37,Cesena,16,40,-12,35,47
2010,37,Lecce,17,38,-20,42,62
2010,37,Sampdoria,18,36,-13,31,44
2010,37,Brescia,19,31,-17,32,49
2010,37,Bari,20,21,-31,23,54
2010,38,AC Milan,1,81,41,65,24
2010,38,Inter,2,73,25,66,41
2010,38,SSC Napoli,3,69,20,57,37
2010,38,Udinese Calcio,4,65,22,65,43
2010,38,Lazio,5,63,14,51,37
2010,38,AS Roma,6,60,5,56,51
2010,38,Juventus,7,57,10,55,45
2010,38,US Palermo,8,56,-3,57,60
2010,38,Fiorentina,9,50,5,47,42
2010,38,Genoa,10,48,-3,42,45
2010,38,Catania,11,46,-10,39,49
2010,38,Parma,12,45,-8,38,46
2010,38,Cagliari Calcio,13,44,-7,43,50
2010,38,Chievo Verona,14,43,-4,35,39
2010,38,Cesena,15,43,-11,36,47
2010,38,Bologna,16,42,-13,35,48
2010,38,Lecce,17,41,-18,44,62
2010,38,Sampdoria,18,36,-14,32,46
2010,38,Brescia,19,31,-18,32,50
2010,38,Bari,20,21,-33,23,56
2010,39,AC Milan,1,82,41,65,24
2010,39,Inter,2,76,27,69,42
2010,39,SSC Napoli,3,70,20,59,39
2010,39,Udinese Calcio,4,66,22,65,43
2010,39,Lazio,5,66,16,55,39
2010,39,AS Roma,6,63,7,59,52
2010,39,Juventus,7,58,10,57,47
2010,39,US Palermo,8,56,-5,58,63
2010,39,Fiorentina,9,51,5,49,44
2010,39,Genoa,10,51,-2,45,47
2010,39,Chievo Verona,11,46,-2,38,40
2010,39,Parma,12,46,-8,39,47
2010,39,Catania,13,46,-12,40,52
2010,39,Cagliari Calcio,14,45,-7,44,51
2010,39,Cesena,15,43,-12,38,50
2010,39,Bologna,16,42,-17,35,52
2010,39,Lecce,17,41,-20,46,66
2010,39,Sampdoria,18,36,-16,33,49
2010,39,Brescia,19,32,-18,34,52
2010,39,Bari,20,24,-29,27,56
2011,2,SSC Napoli,1,3,5,6,1
2011,2,Inter,2,3,3,4,1
2011,2,AS Roma,3,3,2,2,0
2011,2,AC Milan,4,3,2,2,0
2011,2,Parma,5,1,0,3,3
2011,2,Catania,6,1,0,3,3
2011,2,US Palermo,7,1,0,2,2
2011,2,Novara,8,1,0,2,2
2011,2,Lazio,9,1,0,0,0
2011,2,Udinese Calcio,10,1,0,0,0
2011,2,Fiorentina,11,1,0,0,0
2011,2,Juventus,12,1,0,0,0
2011,2,Chievo Verona,13,1,0,0,0
2011,2,Siena,14,1,0,0,0
2011,2,Bologna,15,0,-2,0,2
2011,2,Cagliari Calcio,16,0,-2,0,2
2011,2,Lecce,17,0,-3,1,4
2011,2,Cesena,18,0,-3,1,4
2011,2,Genoa,19,0,-5,1,6
2011,2,Atalanta,20,-3,3,4,1
2011,3,SSC Napoli,1,6,7,9,2
2011,3,Juventus,2,4,3,4,1
2011,3,AC Milan,3,4,2,4,2
2011,3,Udinese Calcio,4,4,2,2,0
2011,3,Fiorentina,5,4,2,2,0
2011,3,US Palermo,6,4,1,6,5
2011,3,Inter,7,3,2,7,5
2011,3,AS Roma,8,3,1,3,2
2011,3,Cagliari Calcio,9,3,-1,2,3
2011,3,Novara,10,2,0,4,4
2011,3,Catania,11,2,0,3,3
2011,3,Lazio,12,2,0,2,2
2011,3,Chievo Verona,13,2,0,2,2
2011,3,Siena,14,2,0,0,0
2011,3,Parma,15,1,-3,4,7
2011,3,Genoa,16,1,-5,3,8
2011,3,Bologna,17,0,-4,0,4
2011,3,Cesena,18,0,-5,2,7
2011,3,Lecce,19,0,-5,1,6
2011,3,Atalanta,20,-2,3,6,3
2011,4,SSC Napoli,1,9,9,12,3
2011,4,Juventus,2,7,4,5,1
2011,4,Udinese Calcio,3,7,4,4,0
2011,4,Cagliari Calcio,4,6,0,4,4
2011,4,Catania,5,5,1,4,3
2011,4,Inter,6,4,2,7,5
2011,4,AS Roma,7,4,1,3,2
2011,4,US Palermo,8,4,0,6,6
2011,4,AC Milan,9,4,0,5,5
2011,4,Fiorentina,10,4,0,2,2
2011,4,Parma,11,4,-2,6,8
2011,4,Genoa,12,4,-4,5,9
2011,4,Lecce,13,3,-3,3,6
2011,4,Novara,14,2,-1,5,6
2011,4,Lazio,15,2,-1,3,4
2011,4,Chievo Verona,16,2,-1,3,4
2011,4,Siena,17,2,-1,0,1
2011,4,Atalanta,18,1,4,7,3
2011,4,Cesena,19,0,-6,2,8
2011,4,Bologna,20,0,-6,0,6
2011,5,SSC Napoli,1,9,8,12,4
2011,5,Juventus,2,8,4,6,2
2011,5,Udinese Calcio,3,8,4,5,1
2011,5,Fiorentina,4,7,3,5,2
2011,5,US Palermo,5,7,1,9,8
2011,5,Genoa,6,7,-1,8,9
2011,5,Cagliari Calcio,7,6,-1,6,7
2011,5,Novara,8,5,1,8,7
2011,5,AS Roma,9,5,1,4,3
2011,5,AC Milan,10,5,0,6,6
2011,5,Lazio,11,5,0,5,5
2011,5,Chievo Verona,12,5,0,4,4
2011,5,Catania,13,5,-2,4,6
2011,5,Atalanta,14,4,5,9,4
2011,5,Inter,15,4,0,8,8
2011,5,Parma,16,4,-5,6,11
2011,5,Siena,17,3,-1,1,2
2011,5,Lecce,18,3,-4,4,8
2011,5,Bologna,19,1,-6,1,7
2011,5,Cesena,20,0,-7,3,10
2011,6,SSC Napoli,1,10,8,12,4
2011,6,Juventus,2,9,4,7,3
2011,6,Udinese Calcio,3,9,4,5,1
2011,6,Fiorentina,4,8,3,5,2
2011,6,AS Roma,5,8,2,5,3
2011,6,US Palermo,6,8,1,9,8
2011,6,AC Milan,7,8,1,7,6
2011,6,Chievo Verona,8,8,1,6,5
2011,6,Atalanta,9,7,6,11,5
2011,6,Inter,10,7,2,11,9
2011,6,Cagliari Calcio,11,7,-1,6,7
2011,6,Genoa,12,7,-2,9,11
2011,6,Siena,13,6,2,4,2
2011,6,Lazio,14,6,0,5,5
2011,6,Catania,15,6,-2,5,7
2011,6,Novara,16,5,0,9,9
2011,6,Parma,17,4,-6,6,12
2011,6,Lecce,18,3,-7,4,11
2011,6,Bologna,19,1,-8,2,10
2011,6,Cesena,20,0,-8,3,11
2011,7,SSC Napoli,1,13,11,15,4
2011,7,Juventus,2,12,6,9,3
2011,7,Udinese Calcio,3,12,6,7,1
2011,7,AS Roma,4,11,4,8,4
2011,7,US Palermo,5,11,3,11,8
2011,7,Cagliari Calcio,6,10,1,8,7
2011,7,Lazio,7,9,1,7,6
2011,7,Chievo Verona,8,9,1,6,5
2011,7,Fiorentina,9,8,2,6,4
2011,7,AC Milan,10,8,-1,7,8
2011,7,Atalanta,11,7,4,12,8
2011,7,Inter,12,7,-1,11,12
2011,7,Catania,13,7,-2,8,10
2011,7,Genoa,14,7,-4,10,14
2011,7,Parma,15,7,-4,9,13
2011,7,Novara,16,6,0,12,12
2011,7,Siena,17,6,0,4,4
2011,7,Lecce,18,3,-9,4,13
2011,7,Cesena,19,1,-8,3,11
2011,7,Bologna,20,1,-10,2,12
2011,8,SSC Napoli,1,13,10,16,6
2011,8,Juventus,2,13,6,9,3
2011,8,Udinese Calcio,3,13,6,7,1
2011,8,Lazio,4,12,2,9,7
2011,8,AS Roma,5,11,3,9,6
2011,8,AC Milan,6,11,2,10,8
2011,8,Cagliari Calcio,7,11,1,8,7
2011,8,US Palermo,8,11,0,11,11
2011,8,Chievo Verona,9,10,1,6,5
2011,8,Catania,10,10,-1,10,11
2011,8,Parma,11,10,-3,11,14
2011,8,Fiorentina,12,9,2,6,4
2011,8,Atalanta,13,8,4,12,8
2011,8,Genoa,14,8,-4,10,14
2011,8,Siena,15,7,0,4,4
2011,8,Inter,16,7,-2,12,14
2011,8,Novara,17,6,-2,12,14
2011,8,Bologna,18,4,-8,4,12
2011,8,Lecce,19,4,-9,4,13
2011,8,Cesena,20,2,-8,3,11
2011,9,Udinese Calcio,1,16,9,10,1
2011,9,Lazio,2,15,4,11,7
2011,9,SSC Napoli,3,14,10,16,6
2011,9,Juventus,4,14,6,11,5
2011,9,AS Roma,5,14,4,10,6
2011,9,AC Milan,6,14,3,14,11
2011,9,Cagliari Calcio,7,12,1,8,7
2011,9,Atalanta,8,11,5,14,9
2011,9,Catania,9,11,-1,12,13
2011,9,US Palermo,10,11,-1,11,12
2011,9,Fiorentina,11,10,2,8,6
2011,9,Siena,12,10,2,6,4
2011,9,Chievo Verona,13,10,0,6,6
2011,9,Inter,14,10,-1,13,14
2011,9,Parma,15,10,-4,12,16
2011,9,Genoa,16,9,-4,12,16
2011,9,Novara,17,6,-5,12,17
2011,9,Lecce,18,4,-10,7,17
2011,9,Bologna,19,4,-10,4,14
2011,9,Cesena,20,2,-10,3,13
2011,10,SSC Napoli,1,17,12,18,6
2011,10,Juventus,2,17,7,13,6
2011,10,AC Milan,3,17,6,18,12
2011,10,Udinese Calcio,4,16,7,10,3
2011,10,Lazio,5,16,4,12,8
2011,10,AS Roma,6,14,3,11,8
2011,10,US Palermo,7,14,1,13,12
2011,10,Cagliari Calcio,8,13,1,9,8
2011,10,Atalanta,9,12,5,15,10
2011,10,Catania,10,12,-1,13,14
2011,10,Genoa,11,12,-3,14,17
2011,10,Siena,12,11,2,7,5
2011,10,Inter,13,11,-1,14,15
2011,10,Fiorentina,14,10,1,9,8
2011,10,Chievo Verona,15,10,-1,6,7
2011,10,Parma,16,10,-7,13,20
2011,10,Novara,17,7,-5,13,18
2011,10,Bologna,18,7,-9,5,14
2011,10,Lecce,19,4,-12,7,19
2011,10,Cesena,20,3,-10,4,14
2011,11,Juventus,1,20,8,15,7
2011,11,AC Milan,2,20,7,21,14
2011,11,Udinese Calcio,3,19,8,11,3
2011,11,Lazio,4,19,7,15,8
2011,11,SSC Napoli,5,17,11,19,8
2011,11,Catania,6,15,0,15,15
2011,11,Siena,7,14,5,11,6
2011,11,AS Roma,8,14,2,13,11
2011,11,US Palermo,9,14,0,13,13
2011,11,Fiorentina,10,13,2,10,8
2011,11,Cagliari Calcio,11,13,-2,9,11
2011,11,Parma,12,13,-5,15,20
2011,11,Atalanta,13,12,3,16,13
2011,11,Genoa,14,12,-4,14,18
2011,11,Inter,15,11,-2,15,17
2011,11,Chievo Verona,16,10,-4,7,11
2011,11,Bologna,17,10,-7,8,15
2011,11,Novara,18,8,-5,14,19
2011,11,Lecce,19,5,-12,8,20
2011,11,Cesena,20,3,-12,4,16
2011,12,AC Milan,1,23,11,25,14
2011,12,Udinese Calcio,2,22,9,13,4
2011,12,Lazio,3,22,8,16,8
2011,12,Juventus,4,21,8,18,10
2011,12,SSC Napoli,5,18,11,22,11
2011,12,AS Roma,6,17,4,15,11
2011,12,US Palermo,7,17,2,16,14
2011,12,Atalanta,8,15,4,17,13
2011,12,Catania,9,15,-4,15,19
2011,12,Siena,10,14,4,12,8
2011,12,Inter,11,14,-1,16,17
2011,12,Fiorentina,12,13,1,10,9
2011,12,Cagliari Calcio,13,13,-3,9,12
2011,12,Chievo Verona,14,13,-3,8,11
2011,12,Parma,15,13,-6,15,21
2011,12,Genoa,16,12,-5,14,19
2011,12,Bologna,17,10,-9,9,18
2011,12,Novara,18,8,-7,14,21
2011,12,Lecce,19,8,-11,9,20
2011,12,Cesena,20,3,-13,4,17
2011,13,AC Milan,1,24,11,25,14
2011,13,Juventus,2,24,11,21,10
2011,13,Lazio,3,23,8,16,8
2011,13,Udinese Calcio,4,22,7,13,6
2011,13,AS Roma,5,20,5,17,12
2011,13,SSC Napoli,6,19,11,22,11
2011,13,Inter,7,17,0,18,18
2011,13,US Palermo,8,17,-1,16,17
2011,13,Atalanta,9,16,4,19,15
2011,13,Chievo Verona,10,16,-2,10,12
2011,13,Parma,11,16,-4,17,21
2011,13,Siena,12,15,4,14,10
2011,13,Genoa,13,15,-4,15,19
2011,13,Catania,14,15,-5,16,21
2011,13,Fiorentina,15,14,1,10,9
2011,13,Cagliari Calcio,16,13,-4,10,14
2011,13,Bologna,17,10,-10,9,19
2011,13,Novara,18,8,-8,14,22
2011,13,Lecce,19,8,-12,10,22
2011,13,Cesena,20,6,-12,5,17
2011,14,AC Milan,1,27,15,29,14
2011,14,Juventus,2,27,12,22,10
2011,14,Udinese Calcio,3,25,9,15,6
2011,14,Lazio,4,23,7,16,9
2011,14,SSC Napoli,5,20,11,23,12
2011,14,AS Roma,6,20,3,17,14
2011,14,Inter,7,20,1,19,18
2011,14,US Palermo,8,20,1,18,17
2011,14,Catania,9,18,-4,17,21
2011,14,Atalanta,10,17,4,20,16
2011,14,Parma,11,16,-5,18,23
2011,14,Chievo Verona,12,16,-6,10,16
2011,14,Siena,13,15,3,14,11
2011,14,Genoa,14,15,-6,15,21
2011,14,Fiorentina,15,14,-1,10,11
2011,14,Cagliari Calcio,16,14,-4,11,15
2011,14,Novara,17,11,-7,16,23
2011,14,Bologna,18,11,-10,10,20
2011,14,Cesena,19,9,-10,7,17
2011,14,Lecce,20,8,-13,10,23
2011,15,AC Milan,1,30,17,31,14
2011,15,Juventus,2,30,14,24,10
2011,15,Udinese Calcio,3,28,10,16,6
2011,15,Lazio,4,26,10,19,9
2011,15,SSC Napoli,5,23,13,27,14
2011,15,US Palermo,6,21,1,18,17
2011,15,Inter,7,20,0,19,19
2011,15,AS Roma,8,20,0,17,17
2011,15,Atalanta,9,18,4,20,16
2011,15,Catania,10,18,-5,17,22
2011,15,Fiorentina,11,17,2,13,11
2011,15,Cagliari Calcio,12,17,-3,12,15
2011,15,Parma,13,17,-5,18,23
2011,15,Chievo Verona,14,17,-6,10,16
2011,15,Siena,15,15,2,14,12
2011,15,Genoa,16,15,-8,15,23
2011,15,Bologna,17,14,-9,11,20
2011,15,Novara,18,11,-10,16,26
2011,15,Cesena,19,9,-12,7,19
2011,15,Lecce,20,8,-15,12,27
2011,16,AC Milan,1,31,17,33,16
2011,16,Juventus,2,31,14,25,11
2011,16,Udinese Calcio,3,31,11,18,7
2011,16,Lazio,4,29,11,22,11
2011,16,SSC Napoli,5,24,13,28,15
2011,16,Inter,6,23,2,21,19
2011,16,AS Roma,7,21,0,18,18
2011,16,US Palermo,8,21,0,18,18
2011,16,Atalanta,9,19,4,21,17
2011,16,Catania,10,19,-5,18,23
2011,16,Cagliari Calcio,11,18,-3,12,15
2011,16,Parma,12,18,-5,18,23
2011,16,Genoa,13,18,-6,17,23
2011,16,Fiorentina,14,17,0,13,13
2011,16,Chievo Verona,15,17,-7,11,18
2011,16,Siena,16,15,0,14,14
2011,16,Bologna,17,15,-9,13,22
2011,16,Novara,18,12,-10,17,27
2011,16,Cesena,19,12,-11,8,19
2011,16,Lecce,20,8,-16,14,30
2011,17,AC Milan,1,34,19,35,16
2011,17,Juventus,2,34,16,27,11
2011,17,Udinese Calcio,3,32,11,20,9
2011,17,Lazio,4,30,11,24,13
2011,17,Inter,5,26,3,22,19
2011,17,SSC Napoli,6,24,11,29,18
2011,17,AS Roma,7,24,2,21,19
2011,17,Catania,8,22,-3,20,23
2011,17,US Palermo,9,21,-2,18,20
2011,17,Genoa,10,21,-5,19,24
2011,17,Atalanta,11,20,4,23,19
2011,17,Chievo Verona,12,20,-5,13,18
2011,17,Parma,13,19,-5,21,26
2011,17,Fiorentina,14,18,0,15,15
2011,17,Cagliari Calcio,15,18,-5,12,17
2011,17,Siena,16,15,-2,14,16
2011,17,Bologna,17,15,-10,14,24
2011,17,Novara,18,12,-12,17,29
2011,17,Cesena,19,12,-12,8,20
2011,17,Lecce,20,9,-16,17,33
2011,18,AC Milan,1,37,21,37,16
2011,18,Juventus,2,37,17,28,11
2011,18,Udinese Calcio,3,35,14,24,10
2011,18,Lazio,4,30,7,24,17
2011,18,Inter,5,29,8,27,19
2011,18,SSC Napoli,6,27,13,32,19
2011,18,AS Roma,7,27,4,23,19
2011,18,Catania,8,22,-5,20,25
2011,18,Fiorentina,9,21,3,18,15
2011,18,Cagliari Calcio,10,21,-2,15,17
2011,18,US Palermo,11,21,-4,19,23
2011,18,Genoa,12,21,-8,19,27
2011,18,Atalanta,13,20,2,23,21
2011,18,Chievo Verona,14,20,-7,13,20
2011,18,Parma,15,19,-10,21,31
2011,18,Siena,16,18,2,18,16
2011,18,Bologna,17,18,-8,16,24
2011,18,Novara,18,12,-15,17,32
2011,18,Cesena,19,12,-15,9,24
2011,18,Lecce,20,9,-17,17,34
2011,19,Juventus,1,38,17,29,12
2011,19,AC Milan,2,37,20,37,17
2011,19,Udinese Calcio,3,35,13,26,13
2011,19,Lazio,4,33,9,26,17
2011,19,Inter,5,32,9,28,19
2011,19,SSC Napoli,6,28,13,33,20
2011,19,AS Roma,7,28,4,24,20
2011,19,Genoa,8,24,-7,22,29
2011,19,Catania,9,23,-5,21,26
2011,19,Chievo Verona,10,23,-6,14,20
2011,19,Cagliari Calcio,11,22,-2,16,18
2011,19,Parma,12,22,-8,24,32
2011,19,Fiorentina,13,21,2,18,16
2011,19,US Palermo,14,21,-5,19,24
2011,19,Atalanta,15,20,0,23,23
2011,19,Bologna,16,19,-8,17,25
2011,19,Siena,17,18,0,19,19
2011,19,Cesena,18,15,-13,12,25
2011,19,Lecce,19,12,-16,18,34
2011,19,Novara,20,12,-17,18,35
2011,20,Juventus,1,41,19,31,12
2011,20,AC Milan,2,40,23,40,17
2011,20,Udinese Calcio,3,38,14,28,14
2011,20,Inter,4,35,10,30,20
2011,20,Lazio,5,33,8,27,19
2011,20,AS Roma,6,31,8,29,21
2011,20,SSC Napoli,7,29,13,34,21
2011,20,US Palermo,8,24,-3,24,27
2011,20,Chievo Verona,9,24,-6,16,22
2011,20,Genoa,10,24,-9,25,34
2011,20,Cagliari Calcio,11,23,-2,16,18
2011,20,Catania,12,23,-6,22,28
2011,20,Parma,13,23,-8,24,32
2011,20,Fiorentina,14,22,2,18,16
2011,20,Atalanta,15,20,-2,23,25
2011,20,Bologna,16,20,-8,17,25
2011,20,Siena,17,19,0,20,20
2011,20,Cesena,18,15,-17,13,30
2011,20,Lecce,19,13,-16,20,36
2011,20,Novara,20,12,-20,18,38
2011,21,Juventus,1,44,20,33,13
2011,21,AC Milan,2,43,26,43,17
2011,21,Udinese Calcio,3,38,13,29,16
2011,21,Lazio,4,36,11,30,19
2011,21,Inter,5,35,9,30,21
2011,21,AS Roma,6,32,8,30,22
2011,21,SSC Napoli,7,29,12,36,24
2011,21,US Palermo,8,27,-1,26,27
2011,21,Genoa,9,27,-8,28,36
2011,21,Fiorentina,10,25,3,20,17
2011,21,Catania,11,24,-6,23,29
2011,21,Parma,12,24,-8,25,33
2011,21,Chievo Verona,13,24,-9,16,25
2011,21,Atalanta,14,23,-1,24,25
2011,21,Cagliari Calcio,15,23,-5,16,21
2011,21,Bologna,16,21,-8,18,26
2011,21,Siena,17,19,-1,21,22
2011,21,Lecce,18,16,-15,21,36
2011,21,Cesena,19,15,-18,13,31
2011,21,Novara,20,12,-22,18,40
2011,22,Juventus,1,45,20,33,13
2011,22,AC Milan,2,43,24,43,19
2011,22,Udinese Calcio,3,41,14,31,17
2011,22,Lazio,4,39,13,32,19
2011,22,Inter,5,36,9,34,25
2011,22,AS Roma,6,32,6,32,26
2011,22,SSC Napoli,7,30,12,36,24
2011,22,US Palermo,8,28,-1,30,31
2011,22,Catania,9,27,-5,24,29
2011,22,Chievo Verona,10,27,-8,18,26
2011,22,Genoa,11,27,-9,28,37
2011,22,Atalanta,12,26,0,25,25
2011,22,Cagliari Calcio,13,26,-3,20,23
2011,22,Fiorentina,14,25,1,20,19
2011,22,Parma,15,25,-8,25,33
2011,22,Bologna,16,24,-6,20,26
2011,22,Siena,17,19,-2,21,23
2011,22,Lecce,18,16,-16,22,38
2011,22,Cesena,19,16,-18,13,31
2011,22,Novara,20,12,-23,19,42
2011,23,Juventus,1,46,20,33,13
2011,23,AC Milan,2,44,24,43,19
2011,23,Udinese Calcio,3,41,13,33,20
2011,23,Lazio,4,39,12,34,22
2011,23,Inter,5,36,5,34,29
2011,23,AS Roma,6,35,10,36,26
2011,23,SSC Napoli,7,31,12,36,24
2011,23,US Palermo,8,31,0,32,32
2011,23,Genoa,9,30,-8,31,39
2011,23,Fiorentina,10,28,2,23,21
2011,23,Catania,11,28,-5,24,29
2011,23,Parma,12,28,-7,27,34
2011,23,Cagliari Calcio,13,27,-3,20,23
2011,23,Chievo Verona,14,27,-9,19,28
2011,23,Atalanta,15,26,-1,26,27
2011,23,Bologna,16,25,-6,20,26
2011,23,Siena,17,20,-2,21,23
2011,23,Lecce,18,17,-16,22,38
2011,23,Cesena,19,17,-18,13,31
2011,23,Novara,20,13,-23,19,42
2011,24,AC Milan,1,47,25,45,20
2011,24,Juventus,2,47,20,34,14
2011,24,Lazio,3,42,13,37,24
2011,24,Udinese Calcio,4,41,12,34,22
2011,24,Inter,5,36,4,34,30
2011,24,AS Roma,6,35,9,36,27
2011,24,SSC Napoli,7,34,14,38,24
2011,24,US Palermo,8,31,-1,33,34
2011,24,Catania,9,31,-1,28,29
2011,24,Cagliari Calcio,10,30,-2,22,24
2011,24,Genoa,11,30,-12,31,43
2011,24,Fiorentina,12,29,2,25,23
2011,24,Parma,13,29,-7,29,36
2011,24,Atalanta,14,27,-1,26,27
2011,24,Chievo Verona,15,27,-11,19,30
2011,24,Bologna,16,26,-6,21,27
2011,24,Siena,17,23,-1,22,23
2011,24,Lecce,18,18,-16,22,38
2011,24,Cesena,19,17,-19,15,34
2011,24,Novara,20,16,-22,20,42
2011,25,AC Milan,1,50,27,48,21
2011,25,Juventus,2,50,22,37,15
2011,25,Udinese Calcio,3,42,12,34,22
2011,25,Lazio,4,42,9,38,29
2011,25,AS Roma,5,38,10,37,27
2011,25,SSC Napoli,6,37,17,41,24
2011,25,Inter,7,36,1,34,33
2011,25,US Palermo,8,34,3,38,35
2011,25,Cagliari Calcio,9,31,-2,22,24
2011,25,Catania,10,31,-3,29,32
2011,25,Chievo Verona,11,30,-10,20,30
2011,25,Genoa,12,30,-13,31,44
2011,25,Fiorentina,13,29,-1,25,26
2011,25,Bologna,14,29,-3,24,27
2011,25,Parma,15,29,-8,29,37
2011,25,Atalanta,16,28,-1,26,27
2011,25,Siena,17,23,-4,23,27
2011,25,Lecce,18,21,-13,26,39
2011,25,Cesena,19,17,-21,16,37
2011,25,Novara,20,17,-22,20,42
2011,26,AC Milan,1,51,27,49,22
2011,26,Juventus,2,51,22,38,16
2011,26,Udinese Calcio,3,45,14,37,23
2011,26,Lazio,4,45,10,39,29
2011,26,SSC Napoli,5,40,18,42,24
2011,26,AS Roma,6,38,7,38,31
2011,26,Inter,7,36,0,34,34
2011,26,US Palermo,8,34,0,39,39
2011,26,Catania,9,34,-1,32,33
2011,26,Chievo Verona,10,33,-9,21,30
2011,26,Atalanta,11,31,2,30,28
2011,26,Cagliari Calcio,12,31,-3,23,26
2011,26,Genoa,13,31,-13,33,46
2011,26,Parma,14,30,-8,31,39
2011,26,Fiorentina,15,29,-2,25,27
2011,26,Bologna,16,29,-5,25,30
2011,26,Siena,17,26,-1,27,28
2011,26,Lecce,18,24,-12,28,40
2011,26,Cesena,19,17,-22,16,38
2011,26,Novara,20,17,-24,21,45
2011,27,AC Milan,1,54,31,53,22
2011,27,Juventus,2,52,22,39,17
2011,27,Lazio,3,48,11,41,30
2011,27,Udinese Calcio,4,46,14,37,23
2011,27,SSC Napoli,5,43,19,44,25
2011,27,AS Roma,6,38,6,39,33
2011,27,Inter,7,37,0,36,36
2011,27,Catania,8,35,-1,34,35
2011,27,US Palermo,9,34,-4,39,43
2011,27,Chievo Verona,10,34,-9,22,31
2011,27,Atalanta,11,32,2,30,28
2011,27,Fiorentina,12,32,0,27,27
2011,27,Bologna,13,32,-4,26,30
2011,27,Genoa,14,32,-13,35,48
2011,27,Cagliari Calcio,15,31,-6,23,29
2011,27,Parma,16,30,-9,32,41
2011,27,Siena,17,29,2,30,28
2011,27,Lecce,18,25,-12,30,42
2011,27,Cesena,19,17,-24,16,40
2011,27,Novara,20,17,-25,21,46
2011,28,AC Milan,1,57,33,55,22
2011,28,Juventus,2,53,22,39,17
2011,28,Lazio,3,48,9,42,33
2011,28,SSC Napoli,4,46,22,50,28
2011,28,Udinese Calcio,5,46,13,37,24
2011,28,AS Roma,6,41,7,40,33
2011,28,Inter,7,40,2,38,36
2011,28,Catania,8,38,0,35,35
2011,28,Bologna,9,35,-2,29,31
2011,28,US Palermo,10,34,-5,39,44
2011,28,Chievo Verona,11,34,-11,22,33
2011,28,Atalanta,12,33,2,31,29
2011,28,Genoa,13,33,-13,35,48
2011,28,Siena,14,32,4,32,28
2011,28,Fiorentina,15,32,-1,27,28
2011,28,Parma,16,31,-9,33,42
2011,28,Cagliari Calcio,17,31,-9,26,35
2011,28,Lecce,18,25,-14,30,44
2011,28,Novara,19,20,-24,22,46
2011,28,Cesena,20,17,-26,16,42
2011,29,AC Milan,1,60,35,57,22
2011,29,Juventus,2,56,27,44,17
2011,29,Lazio,3,48,8,42,34
2011,29,SSC Napoli,4,47,22,52,30
2011,29,Udinese Calcio,5,47,13,39,26
2011,29,AS Roma,6,44,8,41,33
2011,29,Inter,7,41,2,38,36
2011,29,Catania,8,41,1,36,35
2011,29,Bologna,9,36,-2,31,33
2011,29,US Palermo,10,35,-5,40,45
2011,29,Chievo Verona,11,35,-11,24,35
2011,29,Atalanta,12,34,2,31,29
2011,29,Cagliari Calcio,13,34,-6,29,35
2011,29,Genoa,14,33,-14,35,49
2011,29,Siena,15,32,2,32,30
2011,29,Fiorentina,16,32,-6,27,33
2011,29,Parma,17,31,-11,33,44
2011,29,Lecce,18,26,-14,31,45
2011,29,Novara,19,23,-22,24,46
2011,29,Cesena,20,17,-29,16,45
2011,30,AC Milan,1,63,36,59,23
2011,30,Juventus,2,59,29,46,17
2011,30,Lazio,3,51,9,43,34
2011,30,SSC Napoli,4,48,22,54,32
2011,30,Udinese Calcio,5,48,13,40,27
2011,30,AS Roma,6,44,7,42,35
2011,30,Catania,7,42,1,38,37
2011,30,Inter,8,41,0,38,38
2011,30,Atalanta,9,37,4,33,29
2011,30,Bologna,10,36,-4,31,35
2011,30,US Palermo,11,36,-5,41,46
2011,30,Chievo Verona,12,36,-11,25,36
2011,30,Cagliari Calcio,13,34,-7,29,36
2011,30,Genoa,14,34,-14,37,51
2011,30,Siena,15,33,2,33,31
2011,30,Fiorentina,16,33,-6,29,35
2011,30,Parma,17,32,-11,35,46
2011,30,Lecce,18,27,-14,31,45
2011,30,Novara,19,24,-22,24,46
2011,30,Cesena,20,18,-29,18,47
2011,31,AC Milan,1,64,36,60,24
2011,31,Juventus,2,62,32,49,17
2011,31,Lazio,3,51,7,44,37
2011,31,SSC Napoli,4,48,19,54,35
2011,31,Udinese Calcio,5,48,12,40,28
2011,31,AS Roma,6,47,10,47,37
2011,31,Inter,7,44,1,43,42
2011,31,Catania,8,43,1,39,38
2011,31,US Palermo,9,39,-3,44,47
2011,31,Chievo Verona,10,39,-10,27,37
2011,31,Atalanta,11,37,2,33,31
2011,31,Cagliari Calcio,12,37,-5,31,36
2011,31,Siena,13,36,3,34,31
2011,31,Bologna,14,36,-6,32,38
2011,31,Parma,15,35,-9,38,47
2011,31,Genoa,16,34,-15,41,56
2011,31,Fiorentina,17,33,-7,30,37
2011,31,Lecce,18,28,-14,31,45
2011,31,Novara,19,24,-25,26,51
2011,31,Cesena,20,19,-29,18,47
2011,32,Juventus,1,65,34,51,17
2011,32,AC Milan,2,64,35,61,26
2011,32,Lazio,3,54,9,47,38
2011,32,Udinese Calcio,4,51,14,43,29
2011,32,SSC Napoli,5,48,17,55,38
2011,32,AS Roma,6,47,8,49,41
2011,32,Inter,7,45,1,45,44
2011,32,Catania,8,43,0,41,41
2011,32,Chievo Verona,9,42,-9,30,39
2011,32,Siena,10,39,4,36,32
2011,32,US Palermo,11,39,-5,44,49
2011,32,Cagliari Calcio,12,38,-5,33,38
2011,32,Atalanta,13,37,1,34,33
2011,32,Bologna,14,37,-6,32,38
2011,32,Fiorentina,15,36,-6,32,38
2011,32,Parma,16,35,-11,39,50
2011,32,Genoa,17,35,-15,42,57
2011,32,Lecce,18,31,-12,35,47
2011,32,Novara,19,25,-25,27,52
2011,32,Cesena,20,20,-29,18,47
2011,33,Juventus,1,68,35,53,18
2011,33,AC Milan,2,67,36,62,26
2011,33,Lazio,3,54,8,48,40
2011,33,Udinese Calcio,4,51,12,44,32
2011,33,AS Roma,5,50,10,52,42
2011,33,SSC Napoli,6,48,15,56,41
2011,33,Inter,7,48,2,47,45
2011,33,Catania,8,43,-1,42,43
2011,33,Chievo Verona,9,42,-10,30,40
2011,33,Atalanta,10,40,3,37,34
2011,33,US Palermo,11,40,-5,44,49
2011,33,Bologna,12,40,-5,33,38
2011,33,Siena,13,39,3,37,34
2011,33,Cagliari Calcio,14,38,-6,33,39
2011,33,Parma,15,38,-9,41,50
2011,33,Fiorentina,16,37,-6,32,38
2011,33,Genoa,17,36,-15,43,58
2011,33,Lecce,18,34,-11,37,48
2011,33,Novara,19,25,-27,27,54
2011,33,Cesena,20,21,-29,19,48
2011,34,Juventus,1,71,36,54,18
2011,34,AC Milan,2,70,37,63,26
2011,34,Lazio,3,54,7,49,42
2011,34,SSC Napoli,4,51,17,58,41
2011,34,Udinese Calcio,5,51,10,45,35
2011,34,Inter,6,51,4,50,46
2011,34,AS Roma,7,50,9,53,44
2011,34,Atalanta,8,43,4,38,34
2011,34,Catania,9,43,-4,42,46
2011,34,Chievo Verona,10,42,-11,30,41
2011,34,Cagliari Calcio,11,41,-3,36,39
2011,34,Bologna,12,41,-5,34,39
2011,34,Parma,13,41,-8,43,51
2011,34,Siena,14,40,3,38,35
2011,34,Fiorentina,15,40,-5,34,39
2011,34,US Palermo,16,40,-6,45,51
2011,34,Genoa,17,36,-16,43,59
2011,34,Lecce,18,34,-13,37,50
2011,34,Novara,19,28,-26,29,55
2011,34,Cesena,20,21,-30,19,49
2011,35,Juventus,1,74,40,58,18
2011,35,AC Milan,2,71,37,64,27
2011,35,Lazio,3,55,7,50,43
2011,35,SSC Napoli,4,54,19,60,41
2011,35,Udinese Calcio,5,52,10,45,35
2011,35,Inter,6,52,4,50,46
2011,35,AS Roma,7,50,5,53,48
2011,35,Catania,8,46,-2,44,46
2011,35,Parma,9,44,-5,46,51
2011,35,Siena,10,43,6,42,36
2011,35,Atalanta,11,43,2,38,36
2011,35,Chievo Verona,12,43,-11,30,41
2011,35,Bologna,13,42,-5,35,40
2011,35,Fiorentina,14,41,-5,34,39
2011,35,US Palermo,15,41,-6,47,53
2011,35,Cagliari Calcio,16,41,-6,36,42
2011,35,Genoa,17,36,-19,44,63
2011,35,Lecce,18,35,-13,38,51
2011,35,Novara,19,28,-28,29,57
2011,35,Cesena,20,22,-30,21,51
2011,36,Juventus,1,77,44,62,18
2011,36,AC Milan,2,74,40,68,28
2011,36,SSC Napoli,3,55,19,62,43
2011,36,Udinese Calcio,4,55,12,47,35
2011,36,Inter,5,55,5,52,47
2011,36,Lazio,6,55,5,50,45
2011,36,AS Roma,7,51,5,55,50
2011,36,Catania,8,47,-2,45,47
2011,36,Parma,9,47,-4,48,52
2011,36,Atalanta,10,46,4,40,36
2011,36,Bologna,11,45,-4,38,42
2011,36,Chievo Verona,12,44,-11,30,41
2011,36,Siena,13,43,3,43,40
2011,36,US Palermo,14,42,-6,48,54
2011,36,Cagliari Calcio,15,42,-6,36,42
2011,36,Fiorentina,16,41,-7,34,41
2011,36,Genoa,17,36,-20,46,66
2011,36,Lecce,18,35,-14,39,53
2011,36,Novara,19,28,-32,29,61
2011,36,Cesena,20,22,-31,22,53
2011,37,Juventus,1,78,44,63,19
2011,37,AC Milan,2,77,42,70,28
2011,37,SSC Napoli,3,58,21,64,43
2011,37,Udinese Calcio,4,58,13,48,35
2011,37,Lazio,5,56,5,51,46
2011,37,Inter,6,55,3,53,50
2011,37,AS Roma,7,52,5,55,50
2011,37,Parma,8,50,-2,51,53
2011,37,Bologna,9,48,-3,39,42
2011,37,Catania,10,47,-3,45,48
2011,37,Atalanta,11,46,2,40,38
2011,37,Chievo Verona,12,45,-11,30,41
2011,37,Siena,13,44,3,44,41
2011,37,Cagliari Calcio,14,42,-7,37,44
2011,37,Fiorentina,15,42,-7,36,43
2011,37,US Palermo,16,42,-8,48,56
2011,37,Genoa,17,39,-19,48,67
2011,37,Lecce,18,36,-14,40,54
2011,37,Novara,19,29,-32,31,63
2011,37,Cesena,20,22,-32,22,54
2011,38,Juventus,1,81,46,65,19
2011,38,AC Milan,2,77,40,72,32
2011,38,Udinese Calcio,3,61,15,50,35
2011,38,Lazio,4,59,7,53,46
2011,38,SSC Napoli,5,58,19,64,45
2011,38,Inter,6,58,5,57,52
2011,38,AS Roma,7,53,5,57,52
2011,38,Parma,8,53,0,53,53
2011,38,Bologna,9,51,-1,41,42
2011,38,Catania,10,48,-3,47,50
2011,38,Atalanta,11,46,0,40,40
2011,38,Chievo Verona,12,46,-11,34,45
2011,38,Fiorentina,13,45,-6,37,43
2011,38,Siena,14,44,1,44,43
2011,38,US Palermo,15,43,-8,52,60
2011,38,Cagliari Calcio,16,42,-9,37,46
2011,38,Genoa,17,39,-21,48,69
2011,38,Lecce,18,36,-15,40,55
2011,38,Novara,19,32,-29,34,63
2011,38,Cesena,20,22,-35,22,57
2011,39,Juventus,1,84,48,68,20
2011,39,AC Milan,2,80,41,74,33
2011,39,Udinese Calcio,3,64,17,52,35
2011,39,Lazio,4,62,9,56,47
2011,39,SSC Napoli,5,61,20,66,46
2011,39,Inter,6,58,3,58,55
2011,39,AS Roma,7,56,6,60,54
2011,39,Parma,8,56,1,54,53
2011,39,Bologna,9,51,-2,41,43
2011,39,Chievo Verona,10,49,-10,35,45
2011,39,Catania,11,48,-5,47,52
2011,39,Atalanta,12,46,-2,41,43
2011,39,Fiorentina,13,46,-6,37,43
2011,39,Siena,14,44,0,45,45
2011,39,Cagliari Calcio,15,43,-9,37,46
2011,39,US Palermo,16,43,-10,52,62
2011,39,Genoa,17,42,-19,50,69
2011,39,Lecce,18,36,-16,40,56
2011,39,Novara,19,32,-30,35,65
2011,39,Cesena,20,22,-36,24,60
2012,2,SSC Napoli,1,3,3,3,0
2012,2,Inter,2,3,3,3,0
2012,2,Juventus,3,3,2,2,0
2012,2,Chievo Verona,4,3,2,2,0
2012,2,Genoa,5,3,2,2,0
2012,2,Fiorentina,6,3,1,2,1
2012,2,Lazio,7,3,1,1,0
2012,2,Sampdoria,8,2,1,1,0
2012,2,AS Roma,9,1,0,2,2
2012,2,Catania,10,1,0,2,2
2012,2,Torino,11,0,0,0,0
2012,2,Udinese Calcio,12,0,-1,1,2
2012,2,AC Milan,13,0,-1,0,1
2012,2,Parma,14,0,-2,0,2
2012,2,Bologna,15,0,-2,0,2
2012,2,Cagliari Calcio,16,0,-2,0,2
2012,2,US Palermo,17,0,-3,0,3
2012,2,Pescara,18,0,-3,0,3
2012,2,Atalanta,19,-2,-1,0,1
2012,2,Siena,20,-5,0,0,0
2012,3,Juventus,1,6,5,6,1
2012,3,SSC Napoli,2,6,4,5,1
2012,3,Lazio,3,6,4,4,0
2012,3,Sampdoria,4,5,2,3,1
2012,3,AS Roma,5,4,2,5,3
2012,3,Catania,6,4,1,5,4
2012,3,Torino,7,3,3,3,0
2012,3,Inter,8,3,1,4,3
2012,3,Genoa,9,3,1,4,3
2012,3,AC Milan,10,3,1,3,2
2012,3,Fiorentina,11,3,0,3,3
2012,3,Parma,12,3,0,2,2
2012,3,Chievo Verona,13,3,0,2,2
2012,3,Cagliari Calcio,14,1,-2,1,3
2012,3,Udinese Calcio,15,0,-4,2,6
2012,3,Bologna,16,0,-4,1,5
2012,3,US Palermo,17,0,-6,0,6
2012,3,Pescara,18,0,-6,0,6
2012,3,Atalanta,19,-1,-1,1,2
2012,3,Siena,20,-5,-1,1,2
2012,4,Juventus,1,9,7,9,2
2012,4,SSC Napoli,2,9,6,8,2
2012,4,Lazio,3,9,6,7,1
2012,4,Sampdoria,4,8,3,6,3
2012,4,Inter,5,6,3,6,3
2012,4,Fiorentina,6,6,2,5,3
2012,4,AS Roma,7,4,1,7,6
2012,4,Catania,8,4,-1,5,6
2012,4,Torino,9,3,1,3,2
2012,4,AC Milan,10,3,0,3,3
2012,4,Genoa,11,3,-1,5,6
2012,4,Parma,12,3,-2,3,5
2012,4,Chievo Verona,13,3,-2,3,5
2012,4,Bologna,14,3,-3,4,7
2012,4,Atalanta,15,2,0,2,2
2012,4,Cagliari Calcio,16,2,-2,2,4
2012,4,Udinese Calcio,17,1,-4,4,8
2012,4,US Palermo,18,1,-6,1,7
2012,4,Pescara,19,0,-7,2,9
2012,4,Siena,20,-4,-1,3,4
2012,5,Juventus,1,12,9,11,2
2012,5,SSC Napoli,2,10,6,8,2
2012,5,Lazio,3,9,5,7,2
2012,5,Sampdoria,4,9,3,7,4
2012,5,AS Roma,5,7,4,10,6
2012,5,Fiorentina,6,7,2,6,4
2012,5,Inter,7,6,1,6,5
2012,5,Genoa,8,6,0,6,6
2012,5,Atalanta,9,5,1,3,2
2012,5,Catania,10,5,-1,5,6
2012,5,Torino,11,4,1,4,3
2012,5,Parma,12,4,-2,4,6
2012,5,Udinese Calcio,13,4,-3,6,9
2012,5,Bologna,14,4,-3,5,8
2012,5,AC Milan,15,3,-1,4,5
2012,5,Chievo Verona,16,3,-4,3,7
2012,5,Cagliari Calcio,17,2,-5,2,7
2012,5,Pescara,18,1,-7,3,10
2012,5,US Palermo,19,1,-7,1,8
2012,5,Siena,20,-1,1,5,4
2012,6,Juventus,1,13,9,11,2
2012,6,SSC Napoli,2,13,9,11,2
2012,6,Sampdoria,3,10,3,8,5
2012,6,Inter,4,9,3,8,5
2012,6,Lazio,5,9,2,7,5
2012,6,AS Roma,6,8,4,11,7
2012,6,Fiorentina,7,8,2,6,4
2012,6,Catania,8,8,0,7,7
2012,6,Genoa,9,7,0,7,7
2012,6,AC Milan,10,6,1,6,5
2012,6,Torino,11,5,1,4,3
2012,6,Atalanta,12,5,0,4,4
2012,6,Parma,13,5,-2,5,7
2012,6,Udinese Calcio,14,5,-3,6,9
2012,6,Bologna,15,4,-4,5,9
2012,6,Pescara,16,4,-6,4,10
2012,6,Chievo Verona,17,3,-6,3,9
2012,6,Siena,18,2,2,6,4
2012,6,Cagliari Calcio,19,2,-7,2,9
2012,6,US Palermo,20,1,-8,1,9
2012,7,Juventus,1,16,12,15,3
2012,7,SSC Napoli,2,16,10,12,2
2012,7,Inter,3,12,4,10,6
2012,7,Lazio,4,12,3,9,6
2012,7,Sampdoria,5,10,2,8,6
2012,7,Torino,6,8,5,9,4
2012,7,AS Roma,7,8,1,12,11
2012,7,Fiorentina,8,8,1,7,6
2012,7,Genoa,9,8,0,7,7
2012,7,Catania,10,8,-4,7,11
2012,7,AC Milan,11,7,1,7,6
2012,7,Bologna,12,7,0,9,9
2012,7,Pescara,13,7,-5,6,11
2012,7,Parma,14,6,-2,6,8
2012,7,Udinese Calcio,15,6,-3,6,9
2012,7,Atalanta,16,5,-4,5,9
2012,7,US Palermo,17,4,-5,5,10
2012,7,Chievo Verona,18,3,-9,4,13
2012,7,Siena,19,2,1,7,6
2012,7,Cagliari Calcio,20,2,-8,3,11
2012,8,Juventus,1,19,13,17,4
2012,8,SSC Napoli,2,19,11,14,3
2012,8,Lazio,3,15,6,12,6
2012,8,Inter,4,15,5,11,6
2012,8,AS Roma,5,11,3,14,11
2012,8,Fiorentina,6,11,2,8,6
2012,8,Catania,7,11,-2,9,11
2012,8,Sampdoria,8,10,1,9,8
2012,8,Genoa,9,9,0,8,8
2012,8,Torino,10,8,4,9,5
2012,8,AC Milan,11,7,0,7,7
2012,8,Bologna,12,7,-1,9,10
2012,8,Pescara,13,7,-8,6,14
2012,8,Udinese Calcio,14,6,-4,7,11
2012,8,Parma,15,6,-4,6,10
2012,8,Chievo Verona,16,6,-8,6,14
2012,8,US Palermo,17,5,-5,6,11
2012,8,Atalanta,18,5,-6,5,11
2012,8,Cagliari Calcio,19,5,-7,4,11
2012,8,Siena,20,2,0,8,8
2012,9,Juventus,1,22,15,19,4
2012,9,SSC Napoli,2,19,9,14,5
2012,9,Lazio,3,18,7,15,8
2012,9,Inter,4,18,7,13,6
2012,9,AS Roma,5,14,5,18,13
2012,9,Fiorentina,6,12,2,9,7
2012,9,Catania,7,11,-4,9,13
2012,9,Sampdoria,8,10,0,10,10
2012,9,Torino,9,9,4,9,5
2012,9,Genoa,10,9,-2,10,12
2012,9,Udinese Calcio,11,9,-3,8,11
2012,9,Parma,12,9,-3,8,11
2012,9,Atalanta,13,8,-5,7,12
2012,9,Cagliari Calcio,14,8,-6,5,11
2012,9,AC Milan,15,7,-1,9,10
2012,9,Bologna,16,7,-2,9,11
2012,9,Chievo Verona,17,7,-8,7,15
2012,9,Pescara,18,7,-9,6,15
2012,9,US Palermo,19,6,-5,6,11
2012,9,Siena,20,2,-1,9,10
2012,10,Juventus,1,25,16,20,4
2012,10,SSC Napoli,2,22,10,15,5
2012,10,Inter,3,21,9,16,7
2012,10,Lazio,4,18,5,15,10
2012,10,Fiorentina,5,15,4,11,7
2012,10,AS Roma,6,14,4,20,16
2012,10,Parma,7,12,-1,11,12
2012,10,Udinese Calcio,8,12,-2,11,13
2012,10,Catania,9,11,-5,9,14
2012,10,Cagliari Calcio,10,11,-5,6,11
2012,10,AC Milan,11,10,0,10,10
2012,10,Sampdoria,12,10,-1,10,11
2012,10,Torino,13,9,2,10,8
2012,10,Genoa,14,9,-3,10,13
2012,10,Atalanta,15,9,-5,7,12
2012,10,Pescara,16,8,-9,6,15
2012,10,Bologna,17,7,-4,10,14
2012,10,US Palermo,18,7,-5,6,11
2012,10,Chievo Verona,19,7,-9,7,16
2012,10,Siena,20,3,-1,9,10
2012,11,Juventus,1,28,17,22,5
2012,11,Inter,2,24,10,19,9
2012,11,SSC Napoli,3,22,9,15,6
2012,11,Lazio,4,19,5,16,11
2012,11,Fiorentina,5,18,5,12,7
2012,11,Parma,6,15,0,14,14
2012,11,AS Roma,7,14,3,22,19
2012,11,Cagliari Calcio,8,14,-3,10,13
2012,11,Udinese Calcio,9,13,-2,13,15
2012,11,Atalanta,10,12,-4,8,12
2012,11,Catania,11,12,-5,11,16
2012,11,AC Milan,12,11,0,12,12
2012,11,Torino,13,10,2,11,9
2012,11,Sampdoria,14,10,-2,12,14
2012,11,Chievo Verona,15,10,-7,9,16
2012,11,Genoa,16,9,-4,10,14
2012,11,US Palermo,17,8,-5,8,13
2012,11,Pescara,18,8,-11,6,17
2012,11,Bologna,19,7,-5,11,16
2012,11,Siena,20,3,-3,11,14
2012,12,Juventus,1,28,15,23,8
2012,12,Inter,2,27,12,22,10
2012,12,SSC Napoli,3,23,9,16,7
2012,12,Fiorentina,4,21,8,16,8
2012,12,Lazio,5,19,1,16,15
2012,12,AS Roma,6,17,6,26,20
2012,12,Catania,7,15,-1,15,16
2012,12,Parma,8,15,-2,14,16
2012,12,Atalanta,9,15,-3,10,13
2012,12,AC Milan,10,14,4,17,13
2012,12,Udinese Calcio,11,14,-2,14,16
2012,12,Cagliari Calcio,12,14,-6,11,17
2012,12,Torino,13,11,2,12,10
2012,12,Pescara,14,11,-9,8,17
2012,12,Sampdoria,15,10,-3,13,16
2012,12,Chievo Verona,16,10,-11,10,21
2012,12,Genoa,17,9,-5,10,15
2012,12,Bologna,18,8,-5,12,17
2012,12,US Palermo,19,8,-8,9,17
2012,12,Siena,20,6,-2,12,14
2012,13,Juventus,1,31,20,29,9
2012,13,Inter,2,27,11,24,13
2012,13,SSC Napoli,3,26,11,20,9
2012,13,Fiorentina,4,24,10,19,9
2012,13,Lazio,5,22,2,19,17
2012,13,Atalanta,6,18,-2,13,15
2012,13,AS Roma,7,17,5,28,23
2012,13,Catania,8,16,-1,15,16
2012,13,Parma,9,16,-2,14,16
2012,13,Udinese Calcio,10,15,-2,16,18
2012,13,Cagliari Calcio,11,15,-6,11,17
2012,13,Torino,12,14,3,13,10
2012,13,AC Milan,13,14,2,18,16
2012,13,US Palermo,14,11,-6,11,17
2012,13,Chievo Verona,15,11,-11,12,23
2012,13,Pescara,16,11,-14,9,23
2012,13,Sampdoria,17,10,-5,13,18
2012,13,Genoa,18,9,-7,12,19
2012,13,Bologna,19,8,-6,12,18
2012,13,Siena,20,7,-2,12,14
2012,14,Juventus,1,32,20,29,9
2012,14,Inter,2,28,11,26,15
2012,14,Fiorentina,3,27,13,23,10
2012,14,SSC Napoli,4,27,11,22,11
2012,14,Lazio,5,23,2,19,17
2012,14,AS Roma,6,20,7,30,23
2012,14,Catania,7,19,0,17,17
2012,14,Atalanta,8,18,-5,14,19
2012,14,Parma,9,17,-2,16,18
2012,14,Udinese Calcio,10,16,-2,18,20
2012,14,Cagliari Calcio,11,16,-6,13,19
2012,14,AC Milan,12,15,2,20,18
2012,14,Torino,13,14,1,13,12
2012,14,Sampdoria,14,13,-3,16,19
2012,14,Bologna,15,11,-3,15,18
2012,14,US Palermo,16,11,-9,11,20
2012,14,Chievo Verona,17,11,-12,13,25
2012,14,Pescara,18,11,-15,9,24
2012,14,Siena,19,10,-1,13,14
2012,14,Genoa,20,9,-9,13,22
2012,15,Juventus,1,32,19,29,10
2012,15,SSC Napoli,2,30,12,23,11
2012,15,Fiorentina,3,28,13,25,12
2012,15,Inter,4,28,10,26,16
2012,15,Lazio,5,26,5,22,17
2012,15,AS Roma,6,23,8,31,23
2012,15,Parma,7,20,-1,17,18
2012,15,Catania,8,19,-2,18,20
2012,15,AC Milan,9,18,3,21,18
2012,15,Atalanta,10,18,-6,14,20
2012,15,Sampdoria,11,16,-2,17,19
2012,15,Udinese Calcio,12,16,-5,18,23
2012,15,Cagliari Calcio,13,16,-7,13,20
2012,15,Torino,14,15,1,15,14
2012,15,US Palermo,15,14,-7,14,21
2012,15,Genoa,16,12,-8,14,22
2012,15,Chievo Verona,17,12,-12,13,25
2012,15,Siena,18,11,-1,13,14
2012,15,Bologna,19,11,-4,15,19
2012,15,Pescara,20,11,-16,9,25
2012,16,Juventus,1,35,22,32,10
2012,16,SSC Napoli,2,33,16,28,12
2012,16,Inter,3,31,11,27,16
2012,16,Fiorentina,4,29,13,27,14
2012,16,Lazio,5,29,6,24,18
2012,16,AS Roma,6,26,10,34,24
2012,16,AC Milan,7,21,5,24,19
2012,16,Parma,8,20,-2,18,20
2012,16,Udinese Calcio,9,19,-2,22,24
2012,16,Catania,10,19,-4,19,23
2012,16,Atalanta,11,18,-7,15,22
2012,16,Sampdoria,12,17,-2,19,21
2012,16,Cagliari Calcio,13,16,-10,14,24
2012,16,Torino,14,15,-2,15,17
2012,16,Chievo Verona,15,15,-10,17,27
2012,16,Bologna,16,14,-3,17,20
2012,16,US Palermo,17,14,-8,14,22
2012,16,Genoa,18,12,-10,16,26
2012,16,Siena,19,11,-3,14,17
2012,16,Pescara,20,11,-20,10,30
2012,17,Juventus,1,38,23,33,10
2012,17,Inter,2,34,12,29,17
2012,17,SSC Napoli,3,33,15,29,14
2012,17,Lazio,4,30,6,24,18
2012,17,AS Roma,5,29,12,38,26
2012,17,Fiorentina,6,29,11,29,18
2012,17,AC Milan,7,24,7,28,21
2012,17,Udinese Calcio,8,22,0,24,24
2012,17,Catania,9,22,-2,22,24
2012,17,Atalanta,10,21,-6,17,23
2012,17,Parma,11,20,-3,19,22
2012,17,Chievo Verona,12,18,-8,19,27
2012,17,Sampdoria,13,17,-4,19,23
2012,17,Cagliari Calcio,14,16,-12,14,26
2012,17,Bologna,15,15,-3,17,20
2012,17,Torino,16,15,-4,17,21
2012,17,US Palermo,17,14,-9,14,23
2012,17,Pescara,18,14,-18,12,30
2012,17,Genoa,19,12,-12,16,28
2012,17,Siena,20,11,-5,15,20
2012,18,Juventus,1,41,26,36,10
2012,18,Inter,2,34,11,29,18
2012,18,SSC Napoli,3,33,14,31,17
2012,18,Lazio,4,33,7,25,18
2012,18,Fiorentina,5,32,14,33,19
2012,18,AS Roma,6,29,11,38,27
2012,18,AC Milan,7,27,10,32,22
2012,18,Catania,8,25,0,25,25
2012,18,Udinese Calcio,9,23,0,25,25
2012,18,Parma,10,23,0,23,23
2012,18,Chievo Verona,11,21,-7,20,27
2012,18,Atalanta,12,21,-9,17,26
2012,18,Bologna,13,18,-2,20,22
2012,18,Sampdoria,14,17,-6,20,26
2012,18,Torino,15,16,-4,18,22
2012,18,Cagliari Calcio,16,16,-15,15,30
2012,18,US Palermo,17,15,-9,15,24
2012,18,Pescara,18,14,-21,13,34
2012,18,Genoa,19,13,-12,17,29
2012,18,Siena,20,11,-8,16,24
2012,19,Juventus,1,44,28,39,11
2012,19,SSC Napoli,2,36,16,33,17
2012,19,Lazio,3,36,8,26,18
2012,19,Fiorentina,4,35,17,36,19
2012,19,Inter,5,35,11,30,19
2012,19,AS Roma,6,32,13,42,29
2012,19,AC Milan,7,27,8,34,26
2012,19,Parma,8,26,1,25,24
2012,19,Catania,9,25,-1,26,27
2012,19,Udinese Calcio,10,24,0,26,26
2012,19,Atalanta,11,22,-9,18,27
2012,19,Chievo Verona,12,21,-9,20,29
2012,19,Torino,13,19,-2,20,22
2012,19,Bologna,14,18,-3,21,24
2012,19,Sampdoria,15,17,-7,20,27
2012,19,Pescara,16,17,-20,15,35
2012,19,Cagliari Calcio,17,16,-17,16,33
2012,19,US Palermo,18,15,-12,15,27
2012,19,Genoa,19,14,-12,18,30
2012,19,Siena,20,11,-10,16,26
2012,20,Juventus,1,44,27,40,13
2012,20,SSC Napoli,2,39,19,37,18
2012,20,Lazio,3,39,9,28,19
2012,20,Fiorentina,4,35,15,36,21
2012,20,Inter,5,35,8,30,22
2012,20,AS Roma,6,32,10,43,33
2012,20,AC Milan,7,30,9,36,27
2012,20,Parma,8,29,2,27,25
2012,20,Udinese Calcio,9,27,3,29,26
2012,20,Catania,10,26,-1,26,27
2012,20,Chievo Verona,11,24,-8,21,29
2012,20,Atalanta,12,22,-10,18,28
2012,20,Torino,13,20,-2,20,22
2012,20,Sampdoria,14,20,-6,22,28
2012,20,Pescara,15,20,-18,17,35
2012,20,Bologna,16,18,-5,21,26
2012,20,Genoa,17,17,-10,20,30
2012,20,Cagliari Calcio,18,16,-18,17,35
2012,20,US Palermo,19,15,-13,16,29
2012,20,Siena,20,11,-11,17,28
2012,21,Juventus,1,45,27,41,14
2012,21,SSC Napoli,2,42,22,40,18
2012,21,Lazio,3,42,11,30,19
2012,21,Inter,4,38,10,32,22
2012,21,Fiorentina,5,35,13,37,24
2012,21,AS Roma,6,32,9,43,34
2012,21,AC Milan,7,31,9,36,27
2012,21,Udinese Calcio,8,30,5,32,27
2012,21,Parma,9,30,2,28,26
2012,21,Catania,10,29,0,27,27
2012,21,Chievo Verona,11,24,-12,21,33
2012,21,Torino,12,23,-1,23,24
2012,21,Atalanta,13,22,-12,18,30
2012,21,Bologna,14,21,-1,25,26
2012,21,Sampdoria,15,21,-6,22,28
2012,21,Pescara,16,20,-20,17,37
2012,21,Cagliari Calcio,17,19,-17,19,36
2012,21,Genoa,18,17,-11,21,32
2012,21,US Palermo,19,15,-16,16,32
2012,21,Siena,20,11,-12,19,31
2012,22,Juventus,1,48,31,45,14
2012,22,SSC Napoli,2,43,22,41,19
2012,22,Lazio,3,43,11,32,21
2012,22,Inter,4,39,10,33,23
2012,22,Fiorentina,5,36,13,38,25
2012,22,AC Milan,6,34,10,38,28
2012,22,AS Roma,7,33,9,44,35
2012,22,Catania,8,32,2,29,27
2012,22,Parma,9,31,2,29,27
2012,22,Udinese Calcio,10,30,1,32,31
2012,22,Torino,11,26,1,25,24
2012,22,Chievo Verona,12,25,-12,22,34
2012,22,Atalanta,13,23,-12,19,31
2012,22,Bologna,14,21,-2,26,28
2012,22,Sampdoria,15,21,-7,22,29
2012,22,Cagliari Calcio,16,20,-17,20,37
2012,22,Pescara,17,20,-22,17,39
2012,22,Genoa,18,17,-13,21,34
2012,22,US Palermo,19,16,-16,18,34
2012,22,Siena,20,14,-11,20,31
2012,23,Juventus,1,49,31,46,15
2012,23,SSC Napoli,2,46,23,43,20
2012,23,Lazio,3,43,10,32,22
2012,23,Inter,4,40,10,35,25
2012,23,AC Milan,5,37,11,39,28
2012,23,Fiorentina,6,36,12,39,27
2012,23,Catania,7,35,3,31,28
2012,23,AS Roma,8,34,9,47,38
2012,23,Udinese Calcio,9,33,2,33,31
2012,23,Parma,10,31,1,30,29
2012,23,Chievo Verona,11,28,-11,23,34
2012,23,Torino,12,27,1,27,26
2012,23,Sampdoria,13,24,-1,28,29
2012,23,Atalanta,14,23,-13,19,32
2012,23,Bologna,15,22,-2,29,31
2012,23,Cagliari Calcio,16,21,-17,21,38
2012,23,Pescara,17,20,-28,17,45
2012,23,Genoa,18,18,-13,22,35
2012,23,US Palermo,19,17,-16,19,35
2012,23,Siena,20,14,-12,20,32
2012,24,Juventus,1,52,32,48,16
2012,24,SSC Napoli,2,49,25,45,20
2012,24,Lazio,3,43,9,34,25
2012,24,AC Milan,4,40,12,41,29
2012,24,Inter,5,40,8,36,28
2012,24,Fiorentina,6,39,14,41,27
2012,24,Catania,7,35,1,31,30
2012,24,AS Roma,8,34,7,49,42
2012,24,Udinese Calcio,9,33,1,34,33
2012,24,Parma,10,31,-1,30,31
2012,24,Torino,11,28,1,27,26
2012,24,Chievo Verona,12,28,-12,24,36
2012,24,Atalanta,13,26,-12,21,33
2012,24,Bologna,14,25,-1,32,33
2012,24,Sampdoria,15,25,-1,28,29
2012,24,Cagliari Calcio,16,24,-15,25,40
2012,24,Genoa,17,21,-12,25,37
2012,24,Pescara,18,20,-29,19,48
2012,24,Siena,19,17,-10,23,33
2012,24,US Palermo,20,17,-17,20,37
2012,25,Juventus,1,55,34,50,16
2012,25,SSC Napoli,2,50,25,46,21
2012,25,Lazio,3,44,9,35,26
2012,25,Inter,4,43,10,39,29
2012,25,AC Milan,5,41,12,42,30
2012,25,Fiorentina,6,39,12,41,29
2012,25,Udinese Calcio,7,36,2,35,33
2012,25,Catania,8,36,1,31,30
2012,25,AS Roma,9,34,5,50,45
2012,25,Parma,10,32,-1,30,31
2012,25,Sampdoria,11,28,1,31,30
2012,25,Torino,12,28,0,27,27
2012,25,Chievo Verona,13,28,-14,25,39
2012,25,Atalanta,14,27,-12,21,33
2012,25,Bologna,15,26,-1,33,34
2012,25,Cagliari Calcio,16,25,-15,26,41
2012,25,Genoa,17,22,-12,25,37
2012,25,Pescara,18,21,-29,20,49
2012,25,Siena,19,18,-10,24,34
2012,25,US Palermo,20,18,-17,21,38
2012,26,Juventus,1,55,33,50,17
2012,26,SSC Napoli,2,51,25,46,21
2012,26,AC Milan,3,44,13,44,31
2012,26,Lazio,4,44,6,35,29
2012,26,Inter,5,43,7,40,33
2012,26,Fiorentina,6,42,15,45,30
2012,26,Catania,7,39,2,32,30
2012,26,AS Roma,8,37,6,51,45
2012,26,Udinese Calcio,9,36,1,35,34
2012,26,Parma,10,32,-2,31,33
2012,26,Torino,11,31,1,29,28
2012,26,Sampdoria,12,29,1,31,30
2012,26,Chievo Verona,13,29,-14,26,40
2012,26,Cagliari Calcio,14,28,-13,28,41
2012,26,Atalanta,15,27,-13,22,35
2012,26,Bologna,16,26,-2,33,35
2012,26,Genoa,17,25,-11,26,37
2012,26,Siena,18,21,-7,27,34
2012,26,Pescara,19,21,-31,20,51
2012,26,US Palermo,20,19,-17,22,39
2012,27,Juventus,1,58,36,53,17
2012,27,SSC Napoli,2,52,25,46,21
2012,27,Lazio,3,47,8,37,29
2012,27,AC Milan,4,45,13,45,32
2012,27,Inter,5,44,7,41,34
2012,27,Fiorentina,6,42,14,46,32
2012,27,Catania,7,42,3,34,31
2012,27,AS Roma,8,40,7,54,47
2012,27,Udinese Calcio,9,37,1,35,34
2012,27,Sampdoria,10,32,3,33,30
2012,27,Parma,11,32,-3,32,35
2012,27,Torino,12,31,0,32,32
2012,27,Cagliari Calcio,13,31,-12,32,44
2012,27,Bologna,14,29,-1,35,36
2012,27,Chievo Verona,15,29,-16,26,42
2012,27,Atalanta,16,27,-14,24,38
2012,27,Genoa,17,26,-11,26,37
2012,27,Siena,18,21,-10,27,37
2012,27,Pescara,19,21,-33,20,53
2012,27,US Palermo,20,20,-17,22,39
2012,28,Juventus,1,59,36,54,18
2012,28,SSC Napoli,2,53,25,47,22
2012,28,AC Milan,3,48,16,48,32
2012,28,Inter,4,47,8,44,36
2012,28,Lazio,5,47,5,37,32
2012,28,Fiorentina,6,45,15,48,33
2012,28,AS Roma,7,43,9,57,48
2012,28,Catania,8,42,2,36,34
2012,28,Udinese Calcio,9,40,2,36,34
2012,28,Sampdoria,10,35,4,34,30
2012,28,Bologna,11,32,2,38,36
2012,28,Torino,12,32,0,32,32
2012,28,Parma,13,32,-4,32,36
2012,28,Cagliari Calcio,14,31,-15,32,47
2012,28,Atalanta,15,30,-12,26,38
2012,28,Chievo Verona,16,29,-17,27,44
2012,28,Genoa,17,26,-13,27,40
2012,28,Siena,18,21,-12,27,39
2012,28,US Palermo,19,21,-17,22,39
2012,28,Pescara,20,21,-34,20,54
2012,29,Juventus,1,62,37,55,18
2012,29,SSC Napoli,2,53,23,47,24
2012,29,AC Milan,3,51,18,50,32
2012,29,Fiorentina,4,48,17,50,33
2012,29,Inter,5,47,7,44,37
2012,29,Lazio,6,47,3,37,34
2012,29,AS Roma,7,44,9,58,49
2012,29,Catania,8,42,1,36,35
2012,29,Udinese Calcio,9,41,2,37,35
2012,29,Bologna,10,35,3,39,36
2012,29,Sampdoria,11,35,2,35,33
2012,29,Parma,12,35,-1,36,37
2012,29,Cagliari Calcio,13,34,-13,35,48
2012,29,Atalanta,14,33,-11,28,39
2012,29,Torino,15,32,-3,33,36
2012,29,Chievo Verona,16,32,-15,29,44
2012,29,Genoa,17,26,-15,27,42
2012,29,Siena,18,24,-11,29,40
2012,29,US Palermo,19,21,-18,23,41
2012,29,Pescara,20,21,-35,21,56
2012,30,Juventus,1,65,39,57,18
2012,30,SSC Napoli,2,56,24,50,26
2012,30,AC Milan,3,54,20,52,32
2012,30,Fiorentina,4,51,18,53,35
2012,30,Inter,5,50,9,46,37
2012,30,AS Roma,6,47,11,60,49
2012,30,Lazio,7,47,2,37,35
2012,30,Catania,8,45,3,39,36
2012,30,Udinese Calcio,9,41,0,38,38
2012,30,Bologna,10,35,1,39,38
2012,30,Sampdoria,11,35,0,35,35
2012,30,Torino,12,35,-2,34,36
2012,30,Parma,13,35,-3,36,39
2012,30,Cagliari Calcio,14,35,-13,35,48
2012,30,Chievo Verona,15,35,-13,31,44
2012,30,Atalanta,16,33,-12,30,42
2012,30,Genoa,17,26,-16,29,45
2012,30,Siena,18,25,-11,29,40
2012,30,US Palermo,19,21,-20,23,43
2012,30,Pescara,20,21,-37,21,58
2012,31,Juventus,1,68,40,59,19
2012,31,SSC Napoli,2,59,26,55,29
2012,31,AC Milan,3,57,21,53,32
2012,31,Fiorentina,4,51,17,54,37
2012,31,Inter,5,50,8,47,39
2012,31,Lazio,6,50,3,39,36
2012,31,AS Roma,7,47,9,60,51
2012,31,Catania,8,45,2,40,38
2012,31,Udinese Calcio,9,42,0,38,38
2012,31,Parma,10,38,0,39,39
2012,31,Cagliari Calcio,11,38,-12,37,49
2012,31,Bologna,12,36,1,39,38
2012,31,Sampdoria,13,36,0,35,35
2012,31,Torino,14,35,-4,37,41
2012,31,Chievo Verona,15,35,-14,31,45
2012,31,Atalanta,16,34,-12,30,42
2012,31,Genoa,17,27,-16,31,47
2012,31,Siena,18,26,-11,31,42
2012,31,US Palermo,19,24,-18,25,43
2012,31,Pescara,20,21,-40,21,61
2012,32,Juventus,1,71,41,61,20
2012,32,SSC Napoli,2,62,28,57,29
2012,32,AC Milan,3,58,21,55,34
2012,32,Fiorentina,4,52,17,56,39
2012,32,Lazio,5,51,3,40,37
2012,32,Inter,6,50,7,50,43
2012,32,AS Roma,7,48,9,61,52
2012,32,Catania,8,46,2,40,38
2012,32,Udinese Calcio,9,45,2,41,39
2012,32,Parma,10,39,0,39,39
2012,32,Cagliari Calcio,11,39,-12,37,49
2012,32,Bologna,12,37,1,41,40
2012,32,Atalanta,13,37,-11,34,45
2012,32,Sampdoria,14,36,-2,36,38
2012,32,Torino,15,36,-4,39,43
2012,32,Chievo Verona,16,35,-16,32,48
2012,32,Siena,17,27,-11,31,42
2012,32,US Palermo,18,27,-16,28,44
2012,32,Genoa,19,27,-18,31,49
2012,32,Pescara,20,21,-41,22,63
2012,33,Juventus,1,74,43,63,20
2012,33,SSC Napoli,2,63,28,58,30
2012,33,AC Milan,3,59,21,56,35
2012,33,Fiorentina,4,55,19,58,39
2012,33,AS Roma,5,51,10,63,53
2012,33,Lazio,6,51,1,40,39
2012,33,Inter,7,50,5,50,45
2012,33,Udinese Calcio,8,48,5,44,39
2012,33,Catania,9,47,2,40,38
2012,33,Cagliari Calcio,10,42,-10,39,49
2012,33,Parma,11,39,-3,39,42
2012,33,Bologna,12,38,1,42,41
2012,33,Sampdoria,13,37,-2,37,39
2012,33,Atalanta,14,37,-13,34,47
2012,33,Torino,15,36,-5,40,45
2012,33,Chievo Verona,16,36,-16,32,48
2012,33,Siena,17,30,-10,34,44
2012,33,US Palermo,18,28,-16,29,45
2012,33,Genoa,19,28,-18,32,50
2012,33,Pescara,20,21,-42,24,66
2012,34,Juventus,1,77,44,64,20
2012,34,SSC Napoli,2,66,29,61,32
2012,34,AC Milan,3,59,20,56,36
2012,34,Fiorentina,4,58,20,62,42
2012,34,Inter,5,53,6,51,45
2012,34,AS Roma,6,52,10,64,54
2012,34,Udinese Calcio,7,51,6,45,39
2012,34,Lazio,8,51,0,40,40
2012,34,Catania,9,48,2,41,39
2012,34,Cagliari Calcio,10,42,-11,41,52
2012,34,Bologna,11,39,1,43,42
2012,34,Parma,12,39,-4,39,43
2012,34,Chievo Verona,13,39,-15,33,48
2012,34,Sampdoria,14,38,-2,38,40
2012,34,Atalanta,15,38,-13,35,48
2012,34,Torino,16,36,-6,43,49
2012,34,Siena,17,30,-11,34,45
2012,34,US Palermo,18,29,-16,30,46
2012,34,Genoa,19,29,-18,33,51
2012,34,Pescara,20,22,-42,25,67
2012,35,Juventus,1,80,46,66,20
2012,35,SSC Napoli,2,69,32,64,32
2012,35,AC Milan,3,62,22,60,38
2012,35,Fiorentina,4,61,23,65,42
2012,35,AS Roma,5,55,14,68,54
2012,35,Udinese Calcio,6,54,7,46,39
2012,35,Inter,7,53,5,51,46
2012,35,Lazio,8,52,0,40,40
2012,35,Catania,9,48,0,43,43
2012,35,Cagliari Calcio,10,42,-12,41,53
2012,35,Bologna,11,40,1,44,43
2012,35,Parma,12,40,-4,39,43
2012,35,Atalanta,13,39,-13,36,49
2012,35,Chievo Verona,14,39,-16,33,49
2012,35,Sampdoria,15,38,-5,38,43
2012,35,Torino,16,36,-8,43,51
2012,35,US Palermo,17,32,-15,31,46
2012,35,Genoa,18,32,-17,34,51
2012,35,Siena,19,30,-15,34,49
2012,35,Pescara,20,22,-45,25,70
2012,36,Juventus,1,83,47,67,20
2012,36,SSC Napoli,2,72,34,67,33
2012,36,AC Milan,3,65,23,61,38
2012,36,Fiorentina,4,61,22,65,43
2012,36,AS Roma,5,58,15,69,54
2012,36,Udinese Calcio,6,57,9,49,40
2012,36,Lazio,7,55,6,46,40
2012,36,Inter,8,53,3,52,49
2012,36,Catania,9,51,3,46,43
2012,36,Parma,10,43,-2,41,43
2012,36,Cagliari Calcio,11,43,-12,41,53
2012,36,Bologna,12,40,-5,44,49
2012,36,Chievo Verona,13,40,-16,33,49
2012,36,Atalanta,14,39,-15,36,51
2012,36,Sampdoria,15,38,-7,39,46
2012,36,Torino,16,36,-9,43,52
2012,36,Genoa,17,35,-14,38,52
2012,36,US Palermo,18,32,-16,31,47
2012,36,Siena,19,30,-18,34,52
2012,36,Pescara,20,22,-48,26,74
2012,37,Juventus,1,86,48,68,20
2012,37,SSC Napoli,2,75,37,70,33
2012,37,AC Milan,3,68,27,65,38
2012,37,Fiorentina,4,64,23,66,43
2012,37,Udinese Calcio,5,60,10,52,42
2012,37,AS Roma,6,58,14,69,55
2012,37,Lazio,7,58,8,49,41
2012,37,Inter,8,53,1,53,52
2012,37,Catania,9,52,3,47,44
2012,37,Parma,10,46,-1,42,43
2012,37,Cagliari Calcio,11,43,-13,41,54
2012,37,Chievo Verona,12,43,-15,34,49
2012,37,Bologna,13,40,-8,44,52
2012,37,Sampdoria,14,39,-7,40,47
2012,37,Atalanta,15,39,-16,36,52
2012,37,Torino,16,37,-9,43,52
2012,37,Genoa,17,36,-14,38,52
2012,37,US Palermo,18,32,-17,33,50
2012,37,Siena,19,30,-19,34,53
2012,37,Pescara,20,22,-52,26,78
2012,38,Juventus,1,87,48,69,21
2012,38,SSC Napoli,2,78,38,72,34
2012,38,AC Milan,3,69,27,65,38
2012,38,Fiorentina,4,67,24,67,43
2012,38,Udinese Calcio,5,63,11,54,43
2012,38,Lazio,6,61,10,51,41
2012,38,AS Roma,7,59,14,69,55
2012,38,Catania,8,55,4,48,44
2012,38,Inter,9,54,1,53,52
2012,38,Parma,10,46,-3,42,45
2012,38,Cagliari Calcio,11,44,-13,42,55
2012,38,Chievo Verona,12,44,-15,35,50
2012,38,Bologna,13,43,-6,46,52
2012,38,Sampdoria,14,39,-9,40,49
2012,38,Atalanta,15,39,-17,37,54
2012,38,Torino,16,38,-9,44,53
2012,38,Genoa,17,37,-14,38,52
2012,38,US Palermo,18,32,-18,33,51
2012,38,Siena,19,30,-20,35,55
2012,38,Pescara,20,22,-53,26,79
2012,39,Juventus,1,87,47,71,24
2012,39,SSC Napoli,2,78,37,73,36
2012,39,AC Milan,3,72,28,67,39
2012,39,Fiorentina,4,70,28,72,44
2012,39,Udinese Calcio,5,66,14,59,45
2012,39,AS Roma,6,62,15,71,56
2012,39,Lazio,7,61,9,51,42
2012,39,Catania,8,56,4,50,46
2012,39,Inter,9,54,-2,55,57
2012,39,Parma,10,49,-1,45,46
2012,39,Cagliari Calcio,11,47,-12,43,55
2012,39,Chievo Verona,12,45,-15,37,52
2012,39,Bologna,13,44,-6,46,52
2012,39,Sampdoria,14,42,-8,43,51
2012,39,Atalanta,15,40,-17,39,56
2012,39,Torino,16,39,-9,46,55
2012,39,Genoa,17,38,-14,38,52
2012,39,US Palermo,18,32,-20,34,54
2012,39,Siena,19,30,-21,36,57
2012,39,Pescara,20,22,-57,27,84
2013,2,SSC Napoli,1,3,3,3,0
2013,2,AS Roma,2,3,2,2,0
2013,2,Inter,3,3,2,2,0
2013,2,Torino,4,3,2,2,0
2013,2,Fiorentina,5,3,1,2,1
2013,2,Cagliari Calcio,6,3,1,2,1
2013,2,Hellas Verona,7,3,1,2,1
2013,2,Lazio,8,3,1,2,1
2013,2,Juventus,9,3,1,1,0
2013,2,Parma,10,1,0,0,0
2013,2,Chievo Verona,11,1,0,0,0
2013,2,AC Milan,12,0,-1,1,2
2013,2,Udinese Calcio,13,0,-1,1,2
2013,2,Atalanta,14,0,-1,1,2
2013,2,Catania,15,0,-1,1,2
2013,2,Sampdoria,16,0,-1,0,1
2013,2,Genoa,17,0,-2,0,2
2013,2,AS Livorno,18,0,-2,0,2
2013,2,Sassuolo,19,0,-2,0,2
2013,2,Bologna,20,0,-3,0,3
2013,3,SSC Napoli,1,6,5,7,2
2013,3,AS Roma,2,6,5,5,0
2013,3,Inter,3,6,5,5,0
2013,3,Fiorentina,4,6,4,7,3
2013,3,Juventus,5,6,4,5,1
2013,3,AC Milan,6,3,1,4,3
2013,3,Udinese Calcio,7,3,1,4,3
2013,3,AS Livorno,8,3,1,4,3
2013,3,Atalanta,9,3,1,3,2
2013,3,Torino,10,3,0,2,2
2013,3,Cagliari Calcio,11,3,-1,3,4
2013,3,Lazio,12,3,-2,3,5
2013,3,Hellas Verona,13,3,-2,2,4
2013,3,Sampdoria,14,1,-1,2,3
2013,3,Chievo Verona,15,1,-2,2,4
2013,3,Parma,16,1,-2,1,3
2013,3,Bologna,17,1,-3,2,5
2013,3,Catania,18,0,-4,1,5
2013,3,Genoa,19,0,-5,2,7
2013,3,Sassuolo,20,0,-5,1,6
2013,4,SSC Napoli,1,9,7,9,2
2013,4,AS Roma,2,9,7,8,1
2013,4,Inter,3,7,5,6,1
2013,4,Fiorentina,4,7,4,8,4
2013,4,Juventus,5,7,4,6,2
2013,4,AS Livorno,6,6,3,6,3
2013,4,Lazio,7,6,1,6,5
2013,4,Hellas Verona,8,6,0,4,4
2013,4,AC Milan,9,4,1,6,5
2013,4,Udinese Calcio,10,4,1,5,4
2013,4,Torino,11,4,0,4,4
2013,4,Cagliari Calcio,12,4,-1,4,5
2013,4,Atalanta,13,3,-1,3,4
2013,4,Genoa,14,3,-2,5,7
2013,4,Bologna,15,2,-3,3,6
2013,4,Parma,16,1,-4,2,6
2013,4,Sampdoria,17,1,-4,2,6
2013,4,Chievo Verona,18,1,-5,2,7
2013,4,Catania,19,0,-6,1,7
2013,4,Sassuolo,20,0,-7,1,8
2013,5,AS Roma,1,12,9,10,1
2013,5,SSC Napoli,2,12,8,11,3
2013,5,Inter,3,10,12,13,1
2013,5,Fiorentina,4,10,6,10,4
2013,5,Juventus,5,10,5,8,3
2013,5,AS Livorno,6,7,3,6,3
2013,5,Torino,7,7,1,6,5
2013,5,Lazio,8,6,-1,6,7
2013,5,Hellas Verona,9,6,-1,5,6
2013,5,Cagliari Calcio,10,5,-1,6,7
2013,5,AC Milan,11,4,0,7,7
2013,5,Udinese Calcio,12,4,0,6,6
2013,5,Genoa,13,4,-2,5,7
2013,5,Chievo Verona,14,4,-4,4,8
2013,5,Atalanta,15,3,-3,3,6
2013,5,Bologna,16,2,-4,4,8
2013,5,Sampdoria,17,2,-4,4,8
2013,5,Parma,18,2,-4,2,6
2013,5,Catania,19,1,-6,1,7
2013,5,Sassuolo,20,0,-14,1,15
2013,6,AS Roma,1,15,11,12,1
2013,6,Inter,2,13,13,15,2
2013,6,SSC Napoli,3,13,8,12,4
2013,6,Juventus,4,13,6,10,4
2013,6,Fiorentina,5,10,5,11,6
2013,6,Lazio,6,9,1,9,8
2013,6,AS Livorno,7,8,3,7,4
2013,6,Torino,8,8,1,8,7
2013,6,Udinese Calcio,9,7,1,7,6
2013,6,Hellas Verona,10,7,-1,7,8
2013,6,Cagliari Calcio,11,6,-1,7,8
2013,6,AC Milan,12,5,0,10,10
2013,6,Parma,13,5,-3,6,9
2013,6,Genoa,14,4,-3,5,8
2013,6,Chievo Verona,15,4,-5,5,10
2013,6,Bologna,16,3,-4,7,11
2013,6,Atalanta,17,3,-4,6,10
2013,6,Sampdoria,18,2,-6,4,10
2013,6,Catania,19,1,-8,2,10
2013,6,Sassuolo,20,1,-14,2,16
2013,7,AS Roma,1,18,16,17,1
2013,7,SSC Napoli,2,16,10,14,4
2013,7,Juventus,3,16,7,11,4
2013,7,Inter,4,14,13,16,3
2013,7,Fiorentina,5,11,5,13,8
2013,7,Lazio,6,10,1,11,10
2013,7,Hellas Verona,7,10,0,9,9
2013,7,AS Livorno,8,8,2,8,6
2013,7,AC Milan,9,8,1,11,10
2013,7,Torino,10,8,0,8,8
2013,7,Cagliari Calcio,11,7,-1,8,9
2013,7,Udinese Calcio,12,7,-1,7,8
2013,7,Atalanta,13,6,-2,8,10
2013,7,Parma,14,6,-3,8,11
2013,7,Genoa,15,4,-5,5,10
2013,7,Catania,16,4,-6,4,10
2013,7,Chievo Verona,17,4,-7,5,12
2013,7,Bologna,18,3,-9,7,16
2013,7,Sampdoria,19,2,-7,4,11
2013,7,Sassuolo,20,2,-14,4,18
2013,8,AS Roma,1,21,19,20,1
2013,8,SSC Napoli,2,19,14,18,4
2013,8,Juventus,3,19,8,14,6
2013,8,Inter,4,14,10,16,6
2013,8,Hellas Verona,5,13,3,13,10
2013,8,Fiorentina,6,12,5,13,8
2013,8,Lazio,7,11,1,11,10
2013,8,Udinese Calcio,8,10,1,9,8
2013,8,Torino,9,9,0,10,10
2013,8,Parma,10,9,-1,11,12
2013,8,Atalanta,11,9,-1,9,10
2013,8,AC Milan,12,8,0,13,13
2013,8,AS Livorno,13,8,-2,8,10
2013,8,Cagliari Calcio,14,7,-3,8,11
2013,8,Genoa,15,5,-5,6,11
2013,8,Catania,16,5,-6,5,11
2013,8,Chievo Verona,17,4,-8,5,13
2013,8,Sampdoria,18,3,-7,6,13
2013,8,Bologna,19,3,-12,8,20
2013,8,Sassuolo,20,2,-16,5,21
2013,9,AS Roma,1,24,21,22,1
2013,9,SSC Napoli,2,19,12,18,6
2013,9,Juventus,3,19,6,16,10
2013,9,Hellas Verona,4,16,4,16,12
2013,9,Inter,5,15,10,19,9
2013,9,Fiorentina,6,15,7,17,10
2013,9,Atalanta,7,12,0,11,11
2013,9,AC Milan,8,11,1,14,13
2013,9,Lazio,9,11,0,12,12
2013,9,Torino,10,10,0,13,13
2013,9,Udinese Calcio,11,10,0,9,9
2013,9,Cagliari Calcio,12,10,-2,10,12
2013,9,Parma,13,9,-2,13,15
2013,9,AS Livorno,14,8,-3,9,12
2013,9,Genoa,15,8,-4,8,12
2013,9,Sampdoria,16,6,-6,8,14
2013,9,Catania,17,5,-7,6,13
2013,9,Sassuolo,18,5,-15,7,22
2013,9,Chievo Verona,19,4,-9,6,15
2013,9,Bologna,20,3,-13,9,22
2013,10,AS Roma,1,27,22,23,1
2013,10,SSC Napoli,2,22,14,20,6
2013,10,Juventus,3,22,8,18,10
2013,10,Inter,4,18,12,23,11
2013,10,Fiorentina,5,18,8,19,11
2013,10,Hellas Verona,6,16,2,18,16
2013,10,Lazio,7,14,2,14,12
2013,10,Parma,8,12,-1,16,17
2013,10,Atalanta,9,12,-1,11,12
2013,10,AC Milan,10,11,0,16,16
2013,10,Udinese Calcio,11,10,-1,9,10
2013,10,Torino,12,10,-2,13,15
2013,10,Cagliari Calcio,13,10,-4,10,14
2013,10,Sampdoria,14,9,-5,9,14
2013,10,AS Livorno,15,8,-4,9,13
2013,10,Genoa,16,8,-6,8,14
2013,10,Catania,17,6,-7,6,13
2013,10,Bologna,18,6,-12,10,22
2013,10,Sassuolo,19,6,-15,7,22
2013,10,Chievo Verona,20,4,-10,7,17
2013,11,AS Roma,1,30,23,24,1
2013,11,SSC Napoli,2,25,15,22,7
2013,11,Juventus,3,25,12,22,10
2013,11,Inter,4,19,12,24,12
2013,11,Hellas Verona,5,19,4,20,16
2013,11,Fiorentina,6,18,7,20,13
2013,11,Lazio,7,15,2,15,13
2013,11,Udinese Calcio,8,13,0,11,11
2013,11,Atalanta,9,13,-1,12,13
2013,11,AC Milan,10,12,0,17,17
2013,11,Parma,11,12,-2,16,18
2013,11,Torino,12,11,-2,16,18
2013,11,Genoa,13,11,-5,9,14
2013,11,Cagliari Calcio,14,10,-7,10,17
2013,11,AS Livorno,15,9,-4,12,16
2013,11,Sampdoria,16,9,-7,9,16
2013,11,Bologna,17,9,-9,13,22
2013,11,Catania,18,6,-11,6,17
2013,11,Sassuolo,19,6,-16,8,24
2013,11,Chievo Verona,20,4,-11,7,18
2013,12,AS Roma,1,31,23,25,2
2013,12,SSC Napoli,2,28,16,24,8
2013,12,Juventus,3,28,13,23,10
2013,12,Inter,4,22,15,27,12
2013,12,Hellas Verona,5,22,5,22,17
2013,12,Fiorentina,6,21,9,22,13
2013,12,Lazio,7,15,0,15,15
2013,12,Genoa,8,14,-3,11,14
2013,12,Atalanta,9,13,-2,12,14
2013,12,Udinese Calcio,10,13,-3,11,14
2013,12,AC Milan,11,12,-2,17,19
2013,12,Torino,12,12,-2,17,19
2013,12,Parma,13,12,-3,16,19
2013,12,AS Livorno,14,12,-3,13,16
2013,12,Cagliari Calcio,15,10,-8,11,19
2013,12,Bologna,16,10,-9,13,22
2013,12,Sampdoria,17,9,-8,12,20
2013,12,Sassuolo,18,9,-15,12,27
2013,12,Catania,19,6,-12,7,19
2013,12,Chievo Verona,20,5,-11,7,18
2013,13,AS Roma,1,32,23,26,3
2013,13,Juventus,2,31,16,26,10
2013,13,SSC Napoli,3,28,13,24,11
2013,13,Inter,4,25,17,29,12
2013,13,Fiorentina,5,24,10,24,14
2013,13,Hellas Verona,6,22,3,22,19
2013,13,Genoa,7,17,-1,13,14
2013,13,Lazio,8,16,0,16,16
2013,13,Atalanta,9,16,-1,14,15
2013,13,AC Milan,10,13,-2,17,19
2013,13,Parma,11,13,-3,17,20
2013,13,Udinese Calcio,12,13,-4,11,15
2013,13,Cagliari Calcio,13,13,-7,13,20
2013,13,Torino,14,12,-3,18,21
2013,13,AS Livorno,15,12,-5,13,18
2013,13,Bologna,16,10,-10,14,24
2013,13,Sassuolo,17,10,-15,13,28
2013,13,Sampdoria,18,9,-9,13,22
2013,13,Catania,19,9,-11,8,19
2013,13,Chievo Verona,20,6,-11,7,18
2013,14,Juventus,1,34,18,28,10
2013,14,AS Roma,2,33,23,26,3
2013,14,SSC Napoli,3,28,12,24,12
2013,14,Inter,4,26,17,30,13
2013,14,Fiorentina,5,24,9,24,15
2013,14,Hellas Verona,6,22,2,22,20
2013,14,Genoa,7,18,-1,14,15
2013,14,Lazio,8,17,0,17,17
2013,14,Parma,9,16,-2,18,20
2013,14,Atalanta,10,16,-3,14,17
2013,14,Udinese Calcio,11,16,-3,12,15
2013,14,Torino,12,15,0,22,22
2013,14,AC Milan,13,14,-2,18,20
2013,14,Cagliari Calcio,14,14,-7,13,20
2013,14,Sassuolo,15,13,-13,15,28
2013,14,AS Livorno,16,12,-7,13,20
2013,14,Bologna,17,11,-10,15,25
2013,14,Sampdoria,18,10,-9,14,23
2013,14,Chievo Verona,19,9,-10,8,18
2013,14,Catania,20,9,-14,9,23
2013,15,Juventus,1,37,19,29,10
2013,15,AS Roma,2,34,23,27,4
2013,15,SSC Napoli,3,31,14,28,14
2013,15,Inter,4,27,17,31,14
2013,15,Fiorentina,5,27,10,28,18
2013,15,Hellas Verona,6,22,1,25,24
2013,15,Genoa,7,19,-1,15,16
2013,15,AC Milan,8,17,0,21,21
2013,15,Parma,9,17,-2,19,21
2013,15,Lazio,10,17,-2,19,21
2013,15,Atalanta,11,17,-3,15,18
2013,15,Torino,12,16,0,23,23
2013,15,Udinese Calcio,13,16,-4,12,16
2013,15,Cagliari Calcio,14,15,-7,15,22
2013,15,Sassuolo,15,14,-13,17,30
2013,15,Chievo Verona,16,12,-7,11,18
2013,15,Bologna,17,12,-10,16,26
2013,15,AS Livorno,18,12,-10,13,23
2013,15,Sampdoria,19,11,-9,15,24
2013,15,Catania,20,9,-16,10,26
2013,16,Juventus,1,40,21,31,10
2013,16,AS Roma,2,37,24,29,5
2013,16,SSC Napoli,3,32,14,31,17
2013,16,Inter,4,28,17,34,17
2013,16,Fiorentina,5,27,9,29,20
2013,16,Hellas Verona,6,25,2,27,25
2013,16,Torino,7,19,1,24,23
2013,16,Genoa,8,19,-2,16,18
2013,16,AC Milan,9,18,0,23,23
2013,16,Parma,10,18,-2,22,24
2013,16,Cagliari Calcio,11,18,-6,17,23
2013,16,Lazio,12,17,-3,19,22
2013,16,Atalanta,13,17,-4,16,20
2013,16,Udinese Calcio,14,17,-4,15,19
2013,16,Chievo Verona,15,15,-6,12,18
2013,16,Sampdoria,16,14,-7,17,24
2013,16,Sassuolo,17,14,-14,17,31
2013,16,AS Livorno,18,13,-10,15,25
2013,16,Bologna,19,12,-12,16,28
2013,16,Catania,20,9,-18,10,28
2013,17,Juventus,1,43,25,35,10
2013,17,AS Roma,2,38,24,31,7
2013,17,SSC Napoli,3,35,16,35,19
2013,17,Fiorentina,4,30,12,32,20
2013,17,Inter,5,28,15,36,21
2013,17,Hellas Verona,6,26,2,27,25
2013,17,Torino,7,22,3,26,23
2013,17,Lazio,8,20,-1,21,22
2013,17,Genoa,9,20,-2,17,19
2013,17,AC Milan,10,19,0,25,25
2013,17,Parma,11,19,-2,22,24
2013,17,Cagliari Calcio,12,19,-6,17,23
2013,17,Atalanta,13,18,-4,17,21
2013,17,Sampdoria,14,17,-6,18,24
2013,17,Udinese Calcio,15,17,-6,15,21
2013,17,Chievo Verona,16,15,-7,12,19
2013,17,Sassuolo,17,14,-18,17,35
2013,17,AS Livorno,18,13,-12,15,27
2013,17,Bologna,19,12,-15,16,31
2013,17,Catania,20,10,-18,10,28
2013,18,Juventus,1,46,28,39,11
2013,18,AS Roma,2,41,28,35,7
2013,18,SSC Napoli,3,36,16,36,20
2013,18,Fiorentina,4,33,13,33,20
2013,18,Inter,5,31,16,37,21
2013,18,Hellas Verona,6,29,5,31,26
2013,18,Torino,7,25,6,30,24
2013,18,Parma,8,20,-2,23,25
2013,18,Genoa,9,20,-3,17,20
2013,18,Lazio,10,20,-4,22,26
2013,18,Udinese Calcio,11,20,-5,17,22
2013,18,Cagliari Calcio,12,20,-6,18,24
2013,18,AC Milan,13,19,-1,25,26
2013,18,Sampdoria,14,18,-6,19,25
2013,18,Atalanta,15,18,-7,18,25
2013,18,Chievo Verona,16,15,-10,13,23
2013,18,Bologna,17,15,-14,17,31
2013,18,Sassuolo,18,14,-19,17,36
2013,18,AS Livorno,19,13,-13,16,29
2013,18,Catania,20,10,-22,10,32
2013,19,Juventus,1,49,31,42,11
2013,19,AS Roma,2,41,25,35,10
2013,19,SSC Napoli,3,39,18,38,20
2013,19,Fiorentina,4,36,14,34,20
2013,19,Hellas Verona,5,32,7,34,27
2013,19,Inter,6,31,15,37,22
2013,19,Torino,7,25,4,31,27
2013,19,Parma,8,23,0,26,26
2013,19,Genoa,9,23,-1,19,20
2013,19,Lazio,10,23,-3,23,26
2013,19,AC Milan,11,22,2,28,26
2013,19,Cagliari Calcio,12,21,-6,18,24
2013,19,Udinese Calcio,13,20,-7,18,25
2013,19,Sampdoria,14,18,-8,19,27
2013,19,Atalanta,15,18,-10,18,28
2013,19,Chievo Verona,16,16,-10,13,23
2013,19,Bologna,17,15,-16,17,33
2013,19,Sassuolo,18,14,-21,17,38
2013,19,AS Livorno,19,13,-14,16,30
2013,19,Catania,20,13,-20,12,32
2013,20,Juventus,1,52,34,46,12
2013,20,AS Roma,2,44,29,39,10
2013,20,SSC Napoli,3,42,21,41,20
2013,20,Fiorentina,4,37,14,34,20
2013,20,Inter,5,32,15,38,23
2013,20,Hellas Verona,6,32,4,34,30
2013,20,Torino,7,26,4,31,27
2013,20,Parma,8,26,3,29,26
2013,20,Lazio,9,24,-3,23,26
2013,20,Genoa,10,23,-5,19,24
2013,20,AC Milan,11,22,1,31,30
2013,20,Sampdoria,12,21,-5,22,27
2013,20,Atalanta,13,21,-9,20,29
2013,20,Cagliari Calcio,14,21,-9,19,28
2013,20,Udinese Calcio,15,20,-10,18,28
2013,20,Chievo Verona,16,17,-10,14,24
2013,20,Sassuolo,17,17,-20,21,41
2013,20,Bologna,18,16,-16,17,33
2013,20,AS Livorno,19,13,-17,16,33
2013,20,Catania,20,13,-21,13,34
2013,21,Juventus,1,55,36,50,14
2013,21,AS Roma,2,47,32,42,10
2013,21,SSC Napoli,3,43,21,43,22
2013,21,Fiorentina,4,40,17,37,20
2013,21,Inter,5,32,14,38,24
2013,21,Hellas Verona,6,32,3,34,31
2013,21,Torino,7,29,6,33,27
2013,21,Parma,8,29,4,31,27
2013,21,Lazio,9,27,-2,26,28
2013,21,Genoa,10,26,-4,20,24
2013,21,AC Milan,11,25,2,32,30
2013,21,Atalanta,12,24,-8,21,29
2013,21,Sampdoria,13,21,-7,24,31
2013,21,Cagliari Calcio,14,21,-10,19,29
2013,21,Udinese Calcio,15,20,-11,20,31
2013,21,Chievo Verona,16,17,-11,15,26
2013,21,Bologna,17,17,-16,19,35
2013,21,Sassuolo,18,17,-22,21,43
2013,21,AS Livorno,19,13,-20,16,36
2013,21,Catania,20,13,-24,13,37
2013,22,Juventus,1,56,36,51,15
2013,22,AS Roma,2,50,34,45,11
2013,22,SSC Napoli,3,44,21,44,23
2013,22,Fiorentina,4,41,17,40,23
2013,22,Inter,5,33,14,38,24
2013,22,Torino,6,32,7,34,27
2013,22,Parma,7,32,5,32,27
2013,22,Hellas Verona,8,32,1,35,34
2013,22,AC Milan,9,28,3,34,31
2013,22,Lazio,10,28,-2,27,29
2013,22,Genoa,11,27,-4,23,27
2013,22,Atalanta,12,24,-9,21,30
2013,22,Sampdoria,13,22,-7,25,32
2013,22,Cagliari Calcio,14,21,-11,20,31
2013,22,Udinese Calcio,15,20,-12,20,32
2013,22,Chievo Verona,16,18,-11,16,27
2013,22,Bologna,17,18,-16,20,36
2013,22,Sassuolo,18,17,-24,22,46
2013,22,AS Livorno,19,16,-18,19,37
2013,22,Catania,20,14,-24,13,37
2013,23,Juventus,1,59,38,54,16
2013,23,AS Roma,2,53,36,49,13
2013,23,SSC Napoli,3,44,18,44,26
2013,23,Fiorentina,4,41,16,40,24
2013,23,Hellas Verona,5,35,2,37,35
2013,23,Inter,6,33,12,39,27
2013,23,Torino,7,33,7,35,28
2013,23,Parma,8,32,3,34,31
2013,23,Lazio,9,31,0,29,29
2013,23,AC Milan,10,29,3,35,32
2013,23,Genoa,11,27,-5,23,28
2013,23,Atalanta,12,27,-6,24,30
2013,23,Sampdoria,13,25,-6,26,32
2013,23,Cagliari Calcio,14,24,-10,21,31
2013,23,Udinese Calcio,15,23,-10,22,32
2013,23,Chievo Verona,16,18,-13,16,29
2013,23,Bologna,17,18,-18,20,38
2013,23,AS Livorno,18,17,-18,22,40
2013,23,Sassuolo,19,17,-25,23,48
2013,23,Catania,20,15,-24,16,40
2013,24,Juventus,1,60,38,56,18
2013,24,AS Roma,2,54,36,49,13
2013,24,SSC Napoli,3,47,20,47,27
2013,24,Fiorentina,4,44,18,42,24
2013,24,Inter,5,36,13,40,27
2013,24,Hellas Verona,6,36,2,39,37
2013,24,Torino,7,33,6,36,30
2013,24,Parma,8,33,3,34,31
2013,24,Lazio,9,32,0,29,29
2013,24,Genoa,10,30,-4,24,28
2013,24,AC Milan,11,29,1,36,35
2013,24,Sampdoria,12,28,-5,27,32
2013,24,Atalanta,13,27,-8,24,32
2013,24,Udinese Calcio,14,26,-7,25,32
2013,24,Cagliari Calcio,15,24,-11,21,32
2013,24,Bologna,16,21,-17,22,39
2013,24,Chievo Verona,17,18,-16,16,32
2013,24,AS Livorno,18,17,-19,22,41
2013,24,Sassuolo,19,17,-26,23,49
2013,24,Catania,20,16,-24,16,40
2013,25,Juventus,1,63,40,59,19
2013,25,AS Roma,2,57,39,52,13
2013,25,SSC Napoli,3,50,22,49,27
2013,25,Fiorentina,4,44,17,43,26
2013,25,Inter,5,39,14,42,28
2013,25,Torino,6,36,8,39,31
2013,25,Parma,7,36,7,38,31
2013,25,Hellas Verona,8,36,0,40,40
2013,25,AC Milan,9,32,2,37,35
2013,25,Lazio,10,32,-2,30,32
2013,25,Genoa,11,31,-4,27,31
2013,25,Sampdoria,12,28,-8,27,35
2013,25,Udinese Calcio,13,27,-7,28,35
2013,25,Atalanta,14,27,-12,24,36
2013,25,Cagliari Calcio,15,24,-12,22,34
2013,25,Bologna,16,21,-18,22,40
2013,25,AS Livorno,17,20,-18,24,42
2013,25,Catania,18,19,-22,19,41
2013,25,Chievo Verona,19,18,-18,17,35
2013,25,Sassuolo,20,17,-28,23,51
2013,26,Juventus,1,66,41,60,19
2013,26,AS Roma,2,60,40,53,13
2013,26,SSC Napoli,3,51,22,50,28
2013,26,Fiorentina,4,45,17,45,28
2013,26,Inter,5,40,14,43,29
2013,26,Hellas Verona,6,39,1,43,42
2013,26,Parma,7,37,7,40,33
2013,26,Torino,8,36,7,39,32
2013,26,AC Milan,9,35,4,39,35
2013,26,Lazio,10,35,-1,33,34
2013,26,Genoa,11,32,-4,28,32
2013,26,Udinese Calcio,12,28,-7,29,36
2013,26,Sampdoria,13,28,-10,27,37
2013,26,Atalanta,14,28,-12,25,37
2013,26,Cagliari Calcio,15,25,-12,23,35
2013,26,Chievo Verona,16,21,-16,19,35
2013,26,Bologna,17,21,-19,22,41
2013,26,AS Livorno,18,20,-19,26,45
2013,26,Catania,19,19,-24,19,43
2013,26,Sassuolo,20,17,-29,25,54
2013,27,Juventus,1,69,43,62,19
2013,27,AS Roma,2,61,40,53,13
2013,27,SSC Napoli,3,52,22,51,29
2013,27,Fiorentina,4,45,16,45,29
2013,27,Inter,5,41,14,43,29
2013,27,Parma,6,40,8,41,33
2013,27,Hellas Verona,7,40,1,43,42
2013,27,Lazio,8,38,0,34,34
2013,27,Torino,9,36,5,39,34
2013,27,AC Milan,10,35,2,39,37
2013,27,Genoa,11,35,-2,30,32
2013,27,Sampdoria,12,31,-8,29,37
2013,27,Atalanta,13,31,-11,27,38
2013,27,Cagliari Calcio,14,28,-9,26,35
2013,27,Udinese Calcio,15,28,-10,29,39
2013,27,Bologna,16,22,-19,22,41
2013,27,Chievo Verona,17,21,-17,20,37
2013,27,AS Livorno,18,21,-19,27,46
2013,27,Catania,19,19,-26,19,45
2013,27,Sassuolo,20,17,-30,25,55
2013,28,Juventus,1,72,44,63,19
2013,28,AS Roma,2,61,39,53,14
2013,28,SSC Napoli,3,55,23,52,29
2013,28,Fiorentina,4,45,15,45,30
2013,28,Inter,5,44,15,44,29
2013,28,Parma,6,43,10,43,33
2013,28,Hellas Verona,7,40,-1,43,44
2013,28,Lazio,8,38,-1,34,35
2013,28,Torino,9,36,4,39,35
2013,28,AC Milan,10,35,1,39,38
2013,28,Genoa,11,35,-3,31,34
2013,28,Sampdoria,12,34,-6,33,39
2013,28,Atalanta,13,34,-10,28,38
2013,28,Udinese Calcio,14,31,-9,30,39
2013,28,Cagliari Calcio,15,29,-9,27,36
2013,28,Chievo Verona,16,24,-16,22,38
2013,28,Bologna,17,23,-19,22,41
2013,28,AS Livorno,18,21,-21,29,50
2013,28,Catania,19,20,-26,20,46
2013,28,Sassuolo,20,18,-30,25,55
2013,29,Juventus,1,75,45,64,19
2013,29,AS Roma,2,64,40,56,16
2013,29,SSC Napoli,3,58,24,53,29
2013,29,Fiorentina,4,48,17,48,31
2013,29,Inter,5,47,17,46,29
2013,29,Parma,6,46,12,47,35
2013,29,Lazio,7,41,1,36,35
2013,29,Hellas Verona,8,40,-3,43,46
2013,29,Atalanta,9,37,-7,31,38
2013,29,Torino,10,36,3,39,36
2013,29,AC Milan,11,35,-1,41,42
2013,29,Genoa,12,35,-4,31,35
2013,29,Sampdoria,13,34,-9,33,42
2013,29,Udinese Calcio,14,31,-10,32,42
2013,29,Cagliari Calcio,15,29,-11,27,38
2013,29,Chievo Verona,16,24,-18,23,41
2013,29,AS Livorno,17,24,-20,31,51
2013,29,Bologna,18,23,-20,23,43
2013,29,Sassuolo,19,21,-28,28,56
2013,29,Catania,20,20,-28,21,49
2013,30,Juventus,1,78,46,65,19
2013,30,AS Roma,2,67,42,58,16
2013,30,SSC Napoli,3,58,23,53,30
2013,30,Fiorentina,4,51,18,49,31
2013,30,Inter,5,47,16,47,31
2013,30,Parma,6,47,12,48,36
2013,30,Lazio,7,42,1,37,36
2013,30,Atalanta,8,40,-6,33,39
2013,30,Hellas Verona,9,40,-8,43,51
2013,30,Torino,10,39,5,42,37
2013,30,Sampdoria,11,37,-4,38,42
2013,30,AC Milan,12,36,-1,42,43
2013,30,Genoa,13,36,-4,32,36
2013,30,Udinese Calcio,14,34,-9,33,42
2013,30,Cagliari Calcio,15,29,-12,27,39
2013,30,Bologna,16,26,-19,24,43
2013,30,Chievo Verona,17,24,-20,23,43
2013,30,AS Livorno,18,24,-22,32,54
2013,30,Sassuolo,19,21,-29,28,57
2013,30,Catania,20,20,-29,21,50
2013,31,Juventus,1,81,47,67,20
2013,31,AS Roma,2,70,43,60,17
2013,31,SSC Napoli,3,61,25,57,32
2013,31,Fiorentina,4,51,16,49,33
2013,31,Inter,5,48,16,47,31
2013,31,Parma,6,47,11,49,38
2013,31,Atalanta,7,43,-4,35,39
2013,31,Lazio,8,42,-1,37,38
2013,31,Sampdoria,9,40,-3,40,43
2013,31,Hellas Verona,10,40,-9,43,52
2013,31,Torino,11,39,4,43,39
2013,31,AC Milan,12,39,1,44,43
2013,31,Genoa,13,39,-2,34,36
2013,31,Udinese Calcio,14,35,-9,33,42
2013,31,Cagliari Calcio,15,32,-11,28,39
2013,31,Chievo Verona,16,27,-17,26,43
2013,31,Bologna,17,26,-22,24,46
2013,31,AS Livorno,18,24,-24,32,56
2013,31,Sassuolo,19,21,-30,29,59
2013,31,Catania,20,20,-31,23,54
2013,32,Juventus,1,81,45,67,22
2013,32,AS Roma,2,73,45,62,17
2013,32,SSC Napoli,3,64,27,59,32
2013,32,Fiorentina,4,52,16,49,33
2013,32,Inter,5,49,16,49,33
2013,32,Parma,6,47,10,51,41
2013,32,Atalanta,7,46,-2,37,39
2013,32,Lazio,8,45,0,40,40
2013,32,Hellas Verona,9,43,-6,46,52
2013,32,Torino,10,42,5,45,40
2013,32,AC Milan,11,42,4,47,43
2013,32,Sampdoria,12,41,-3,40,43
2013,32,Genoa,13,39,-5,34,39
2013,32,Udinese Calcio,14,38,-8,34,42
2013,32,Cagliari Calcio,15,32,-12,29,41
2013,32,Chievo Verona,16,27,-20,26,46
2013,32,Bologna,17,26,-24,24,48
2013,32,AS Livorno,18,25,-24,34,58
2013,32,Sassuolo,19,21,-32,29,61
2013,32,Catania,20,20,-32,23,55
2013,33,Juventus,1,84,47,69,22
2013,33,AS Roma,2,76,47,65,18
2013,33,SSC Napoli,3,64,26,59,33
2013,33,Fiorentina,4,55,17,51,34
2013,33,Inter,5,50,16,51,35
2013,33,Parma,6,50,11,52,41
2013,33,Lazio,7,48,2,42,40
2013,33,Atalanta,8,46,-4,37,41
2013,33,Hellas Verona,9,46,-5,47,52
2013,33,Torino,10,45,6,47,41
2013,33,AC Milan,11,45,5,49,44
2013,33,Sampdoria,12,41,-5,40,45
2013,33,Genoa,13,39,-6,35,41
2013,33,Udinese Calcio,14,38,-9,35,44
2013,33,Cagliari Calcio,15,32,-14,30,44
2013,33,Chievo Verona,16,27,-21,26,47
2013,33,Bologna,17,27,-24,26,50
2013,33,AS Livorno,18,25,-26,34,60
2013,33,Sassuolo,19,24,-30,31,61
2013,33,Catania,20,20,-33,24,57
2013,34,Juventus,1,87,49,71,22
2013,34,AS Roma,2,79,49,68,19
2013,34,SSC Napoli,3,67,28,63,35
2013,34,Fiorentina,4,58,19,56,37
2013,34,Inter,5,53,20,55,35
2013,34,Parma,6,51,11,53,42
2013,34,Torino,7,48,7,49,42
2013,34,AC Milan,8,48,6,50,44
2013,34,Lazio,9,48,0,44,44
2013,34,Atalanta,10,46,-6,38,44
2013,34,Hellas Verona,11,46,-7,50,57
2013,34,Sampdoria,12,41,-9,40,49
2013,34,Genoa,13,39,-7,36,43
2013,34,Udinese Calcio,14,38,-11,35,46
2013,34,Cagliari Calcio,15,33,-14,31,45
2013,34,Chievo Verona,16,30,-19,30,49
2013,34,Bologna,17,28,-24,27,51
2013,34,AS Livorno,18,25,-28,36,64
2013,34,Sassuolo,19,25,-30,32,62
2013,34,Catania,20,20,-34,24,58
2013,35,Juventus,1,90,50,72,22
2013,35,AS Roma,2,82,50,69,19
2013,35,SSC Napoli,3,68,28,64,36
2013,35,Fiorentina,4,58,18,56,38
2013,35,Inter,5,56,22,57,35
2013,35,AC Milan,6,51,9,53,44
2013,35,Parma,7,51,9,53,44
2013,35,Torino,8,49,7,52,45
2013,35,Lazio,9,49,0,47,47
2013,35,Hellas Verona,10,49,-6,52,58
2013,35,Atalanta,11,46,-7,39,46
2013,35,Sampdoria,12,41,-10,41,51
2013,35,Genoa,13,39,-8,37,45
2013,35,Udinese Calcio,14,39,-11,36,47
2013,35,Cagliari Calcio,15,36,-13,33,46
2013,35,Chievo Verona,16,30,-20,30,50
2013,35,Bologna,17,28,-25,27,52
2013,35,Sassuolo,18,28,-29,33,62
2013,35,AS Livorno,19,25,-31,36,67
2013,35,Catania,20,23,-33,26,59
2013,36,Juventus,1,93,52,75,23
2013,36,AS Roma,2,85,52,71,19
2013,36,SSC Napoli,3,69,28,64,36
2013,36,Fiorentina,4,61,21,59,38
2013,36,Inter,5,57,22,57,35
2013,36,Torino,6,52,9,54,45
2013,36,Lazio,7,52,2,49,47
2013,36,Hellas Verona,8,52,-2,56,58
2013,36,Parma,9,51,8,53,45
2013,36,AC Milan,10,51,7,53,46
2013,36,Atalanta,11,47,-7,40,47
2013,36,Sampdoria,12,44,-9,43,52
2013,36,Genoa,13,40,-8,38,46
2013,36,Cagliari Calcio,14,39,-12,34,46
2013,36,Udinese Calcio,15,39,-13,36,49
2013,36,Chievo Verona,16,30,-21,31,52
2013,36,Bologna,17,28,-28,27,55
2013,36,Sassuolo,18,28,-31,34,65
2013,36,AS Livorno,19,25,-33,36,69
2013,36,Catania,20,23,-37,26,63
2013,37,Juventus,1,96,53,76,23
2013,37,AS Roma,2,85,49,72,23
2013,37,SSC Napoli,3,72,31,67,36
2013,37,Fiorentina,4,61,20,62,42
2013,37,Inter,5,57,21,57,36
2013,37,Torino,6,55,10,55,45
2013,37,Parma,7,54,10,55,45
2013,37,AC Milan,8,54,8,54,46
2013,37,Lazio,9,53,2,52,50
2013,37,Hellas Verona,10,53,-2,59,61
2013,37,Atalanta,11,47,-8,40,48
2013,37,Sampdoria,12,44,-11,43,54
2013,37,Udinese Calcio,13,42,-11,41,52
2013,37,Genoa,14,41,-8,38,46
2013,37,Cagliari Calcio,15,39,-15,34,49
2013,37,Sassuolo,16,31,-30,38,68
2013,37,Chievo Verona,17,30,-22,31,53
2013,37,Bologna,18,29,-28,27,55
2013,37,Catania,19,26,-34,30,64
2013,37,AS Livorno,20,25,-35,39,74
2013,38,Juventus,1,99,54,77,23
2013,38,AS Roma,2,85,48,72,24
2013,38,SSC Napoli,3,75,34,72,38
2013,38,Fiorentina,4,64,21,63,42
2013,38,Inter,5,60,24,61,37
2013,38,Torino,6,56,10,56,46
2013,38,Parma,7,55,10,56,46
2013,38,AC Milan,8,54,7,55,48
2013,38,Hellas Verona,9,54,-2,61,63
2013,38,Lazio,10,53,-1,53,54
2013,38,Atalanta,11,50,-7,42,49
2013,38,Sampdoria,12,44,-14,45,59
2013,38,Udinese Calcio,13,43,-11,43,54
2013,38,Genoa,14,41,-10,40,50
2013,38,Cagliari Calcio,15,39,-16,34,50
2013,38,Sassuolo,16,34,-28,42,70
2013,38,Chievo Verona,17,33,-21,32,53
2013,38,Bologna,18,29,-29,28,57
2013,38,Catania,19,29,-33,32,65
2013,38,AS Livorno,20,25,-36,39,75
2013,39,Juventus,1,102,57,80,23
2013,39,AS Roma,2,85,47,72,25
2013,39,SSC Napoli,3,78,38,77,39
2013,39,Fiorentina,4,65,21,65,44
2013,39,Inter,5,60,23,62,39
2013,39,Parma,6,58,12,58,46
2013,39,Torino,7,57,10,58,48
2013,39,AC Milan,8,57,8,57,49
2013,39,Lazio,9,56,0,54,54
2013,39,Hellas Verona,10,54,-6,62,68
2013,39,Atalanta,11,50,-8,43,51
2013,39,Sampdoria,12,45,-14,48,62
2013,39,Genoa,13,44,-9,41,50
2013,39,Udinese Calcio,14,44,-11,46,57
2013,39,Cagliari Calcio,15,39,-19,34,53
2013,39,Chievo Verona,16,36,-20,34,54
2013,39,Sassuolo,17,34,-29,43,72
2013,39,Catania,18,32,-32,34,66
2013,39,Bologna,19,29,-30,28,58
2013,39,AS Livorno,20,25,-38,39,77
2014,2,AC Milan,1,3,2,3,1
2014,2,AS Roma,2,3,2,2,0
2014,2,Udinese Calcio,3,3,2,2,0
2014,2,SSC Napoli,4,3,1,2,1
2014,2,Cesena,5,3,1,1,0
2014,2,Juventus,6,3,1,1,0
2014,2,Cagliari Calcio,7,1,0,1,1
2014,2,US Palermo,8,1,0,1,1
2014,2,Sampdoria,9,1,0,1,1
2014,2,Sassuolo,10,1,0,1,1
2014,2,Atalanta,11,1,0,0,0
2014,2,Hellas Verona,12,1,0,0,0
2014,2,Inter,13,1,0,0,0
2014,2,Torino,14,1,0,0,0
2014,2,Genoa,15,0,-1,1,2
2014,2,Chievo Verona,16,0,-1,0,1
2014,2,Lazio,17,0,-2,1,3
2014,2,FC Empoli,18,0,-2,0,2
2014,2,Fiorentina,19,0,-2,0,2
2014,2,Parma,20,-7,-1,0,1
2014,3,AC Milan,1,6,3,8,5
2014,3,Juventus,2,6,3,3,0
2014,3,AS Roma,3,6,3,3,0
2014,3,Inter,4,4,7,7,0
2014,3,Sampdoria,5,4,2,3,1
2014,3,Atalanta,6,4,1,2,1
2014,3,Hellas Verona,7,4,1,2,1
2014,3,Lazio,8,3,1,4,3
2014,3,SSC Napoli,9,3,0,2,2
2014,3,Udinese Calcio,10,3,0,2,2
2014,3,Chievo Verona,11,3,0,1,1
2014,3,Cesena,12,3,-2,1,3
2014,3,Cagliari Calcio,13,1,-1,2,3
2014,3,US Palermo,14,1,-1,2,3
2014,3,Genoa,15,1,-1,1,2
2014,3,Fiorentina,16,1,-2,0,2
2014,3,Torino,17,1,-2,0,2
2014,3,Sassuolo,18,1,-7,1,8
2014,3,FC Empoli,19,0,-3,0,3
2014,3,Parma,20,-7,-2,4,6
2014,4,AS Roma,1,9,5,5,0
2014,4,Juventus,2,9,4,4,0
2014,4,Hellas Verona,3,7,2,3,1
2014,4,AC Milan,4,6,2,8,6
2014,4,Udinese Calcio,5,6,1,3,2
2014,4,Inter,6,5,7,8,1
2014,4,Sampdoria,7,5,2,3,1
2014,4,Atalanta,8,4,0,2,2
2014,4,Genoa,9,4,0,2,2
2014,4,Fiorentina,10,4,-1,1,2
2014,4,Cesena,11,4,-2,3,5
2014,4,Lazio,12,3,0,4,4
2014,4,Chievo Verona,13,3,-1,3,4
2014,4,SSC Napoli,14,3,-1,2,3
2014,4,US Palermo,15,2,-1,3,4
2014,4,Sassuolo,16,2,-7,1,8
2014,4,Cagliari Calcio,17,1,-3,2,5
2014,4,FC Empoli,18,1,-3,2,5
2014,4,Torino,19,1,-3,0,3
2014,4,Parma,20,-4,-1,7,8
2014,5,Juventus,1,12,7,7,0
2014,5,AS Roma,2,12,6,7,1
2014,5,Udinese Calcio,3,9,2,4,2
2014,5,Inter,4,8,9,10,1
2014,5,Sampdoria,5,8,3,5,2
2014,5,Hellas Verona,6,8,2,5,3
2014,5,AC Milan,7,7,2,10,8
2014,5,Genoa,8,5,0,4,4
2014,5,Fiorentina,9,5,-1,1,2
2014,5,SSC Napoli,10,4,-1,5,6
2014,5,Atalanta,11,4,-2,2,4
2014,5,Torino,12,4,-2,2,4
2014,5,Cesena,13,4,-5,3,8
2014,5,US Palermo,14,3,-1,6,7
2014,5,Lazio,15,3,-1,4,5
2014,5,Chievo Verona,16,3,-2,4,6
2014,5,Sassuolo,17,3,-7,1,8
2014,5,FC Empoli,18,2,-3,4,7
2014,5,Cagliari Calcio,19,1,-4,3,7
2014,5,Parma,20,-4,-2,8,10
2014,6,Juventus,1,15,10,10,0
2014,6,AS Roma,2,15,8,9,1
2014,6,Udinese Calcio,3,12,4,8,4
2014,6,Sampdoria,4,11,4,6,2
2014,6,Inter,5,8,6,11,5
2014,6,AC Milan,6,8,2,11,9
2014,6,Hellas Verona,7,8,0,5,5
2014,6,SSC Napoli,8,7,0,6,6
2014,6,Lazio,9,6,3,8,5
2014,6,Fiorentina,10,6,-1,2,3
2014,6,Genoa,11,5,-1,4,5
2014,6,Torino,12,5,-2,3,5
2014,6,Cesena,13,5,-5,4,9
2014,6,Cagliari Calcio,14,4,-1,7,8
2014,6,Chievo Verona,15,4,-2,5,7
2014,6,Atalanta,16,4,-5,2,7
2014,6,FC Empoli,17,3,-3,5,8
2014,6,US Palermo,18,3,-5,6,11
2014,6,Sassuolo,19,3,-8,1,9
2014,6,Parma,20,-4,-4,10,14
2014,7,Juventus,1,18,11,13,2
2014,7,AS Roma,2,15,7,11,4
2014,7,Sampdoria,3,14,5,7,2
2014,7,Udinese Calcio,4,13,4,9,5
2014,7,AC Milan,5,11,4,13,9
2014,7,Hellas Verona,6,11,1,6,5
2014,7,SSC Napoli,7,10,1,8,7
2014,7,Lazio,8,9,4,11,7
2014,7,Fiorentina,9,9,2,5,3
2014,7,Inter,10,8,3,11,8
2014,7,Genoa,11,8,0,6,6
2014,7,FC Empoli,12,6,0,8,8
2014,7,Cesena,13,6,-5,5,10
2014,7,Torino,14,5,-3,4,7
2014,7,Cagliari Calcio,15,4,-2,7,9
2014,7,Chievo Verona,16,4,-4,5,9
2014,7,Atalanta,17,4,-6,2,8
2014,7,US Palermo,18,3,-8,6,14
2014,7,Sassuolo,19,3,-9,3,12
2014,7,Parma,20,-4,-5,11,16
2014,8,Juventus,1,19,11,14,3
2014,8,AS Roma,2,18,10,14,4
2014,8,Sampdoria,3,15,5,9,4
2014,8,AC Milan,4,14,6,16,10
2014,8,Udinese Calcio,5,13,3,9,6
2014,8,Lazio,6,12,6,13,7
2014,8,SSC Napoli,7,11,1,10,9
2014,8,Hellas Verona,8,11,-1,7,8
2014,8,Inter,9,9,3,13,10
2014,8,Genoa,10,9,0,7,7
2014,8,Fiorentina,11,9,0,5,5
2014,8,Torino,12,8,-2,5,7
2014,8,FC Empoli,13,7,0,9,9
2014,8,Atalanta,14,7,-5,3,8
2014,8,Cesena,15,6,-6,6,12
2014,8,US Palermo,16,6,-7,8,15
2014,8,Cagliari Calcio,17,5,-2,9,11
2014,8,Chievo Verona,18,4,-7,5,12
2014,8,Sassuolo,19,4,-9,4,13
2014,8,Parma,20,-4,-6,11,17
2014,9,Juventus,1,22,13,16,3
2014,9,AS Roma,2,19,10,14,4
2014,9,Udinese Calcio,3,16,5,11,6
2014,9,Sampdoria,4,16,5,9,4
2014,9,Lazio,5,15,7,15,8
2014,9,AC Milan,6,15,6,17,11
2014,9,SSC Napoli,7,14,5,16,11
2014,9,Inter,8,12,4,14,10
2014,9,Genoa,9,12,1,9,8
2014,9,Hellas Verona,10,11,-5,9,14
2014,9,Fiorentina,11,10,0,6,6
2014,9,Cagliari Calcio,12,8,2,13,11
2014,9,Torino,13,8,-3,6,9
2014,9,FC Empoli,14,7,-4,9,13
2014,9,Sassuolo,15,7,-7,7,14
2014,9,Atalanta,16,7,-7,3,10
2014,9,Cesena,17,6,-7,6,13
2014,9,US Palermo,18,6,-9,8,17
2014,9,Chievo Verona,19,4,-8,6,14
2014,9,Parma,20,-4,-8,12,20
2014,10,Juventus,1,22,12,16,4
2014,10,AS Roma,2,22,12,16,4
2014,10,Lazio,3,16,7,16,9
2014,10,AC Milan,4,16,6,18,12
2014,10,Sampdoria,5,16,4,9,5
2014,10,Udinese Calcio,6,16,2,11,9
2014,10,SSC Napoli,7,15,5,17,12
2014,10,Inter,8,15,5,15,10
2014,10,Genoa,9,15,2,10,8
2014,10,Fiorentina,10,13,3,9,6
2014,10,Hellas Verona,11,12,-5,10,15
2014,10,Torino,12,11,-2,7,9
2014,10,Sassuolo,13,10,-5,10,15
2014,10,Cagliari Calcio,14,9,2,14,12
2014,10,US Palermo,15,9,-8,9,17
2014,10,Atalanta,16,8,-7,4,11
2014,10,FC Empoli,17,7,-6,10,16
2014,10,Cesena,18,6,-9,6,15
2014,10,Chievo Verona,19,4,-9,6,15
2014,10,Parma,20,-4,-9,12,21
2014,11,Juventus,1,25,14,18,4
2014,11,AS Roma,2,22,10,16,6
2014,11,Lazio,3,19,9,20,11
2014,11,Sampdoria,4,19,6,12,6
2014,11,SSC Napoli,5,18,7,19,12
2014,11,Genoa,6,18,4,14,10
2014,11,AC Milan,7,16,4,18,14
2014,11,Udinese Calcio,8,16,0,13,13
2014,11,Inter,9,15,3,15,12
2014,11,Fiorentina,10,13,1,10,9
2014,11,Hellas Verona,11,13,-5,11,16
2014,11,Torino,12,12,-2,7,9
2014,11,US Palermo,13,12,-6,11,17
2014,11,Sassuolo,14,11,-5,10,15
2014,11,Cagliari Calcio,15,9,0,16,16
2014,11,Atalanta,16,9,-7,4,11
2014,11,FC Empoli,17,7,-8,10,18
2014,11,Cesena,18,7,-9,7,16
2014,11,Chievo Verona,19,5,-9,6,15
2014,11,Parma,20,-1,-7,14,21
2014,12,Juventus,1,28,21,25,4
2014,12,AS Roma,2,25,13,19,6
2014,12,SSC Napoli,3,21,8,20,12
2014,12,Sampdoria,4,20,6,14,8
2014,12,Lazio,5,19,8,21,13
2014,12,Genoa,6,19,4,15,11
2014,12,AC Milan,7,17,4,20,16
2014,12,Udinese Calcio,8,17,0,14,14
2014,12,Inter,9,16,3,17,14
2014,12,Hellas Verona,10,14,-5,13,18
2014,12,Fiorentina,11,13,0,10,10
2014,12,US Palermo,12,13,-6,12,18
2014,12,Sassuolo,13,12,-5,10,15
2014,12,Torino,14,12,-5,7,12
2014,12,Cagliari Calcio,15,10,0,17,17
2014,12,FC Empoli,16,10,-7,12,19
2014,12,Atalanta,17,10,-7,4,11
2014,12,Chievo Verona,18,8,-8,8,16
2014,12,Cesena,19,7,-10,8,18
2014,12,Parma,20,-1,-14,14,28
2014,13,Juventus,1,31,24,28,4
2014,13,AS Roma,2,28,14,21,7
2014,13,SSC Napoli,3,22,8,23,15
2014,13,Sampdoria,4,21,6,15,9
2014,13,Genoa,5,20,4,16,12
2014,13,Lazio,6,19,5,21,16
2014,13,AC Milan,7,18,4,21,17
2014,13,Udinese Calcio,8,18,0,15,15
2014,13,Inter,9,17,3,18,15
2014,13,Fiorentina,10,16,1,12,11
2014,13,Sassuolo,11,15,-4,11,15
2014,13,Hellas Verona,12,14,-6,14,20
2014,13,US Palermo,13,14,-6,13,19
2014,13,FC Empoli,14,13,-5,14,19
2014,13,Torino,15,12,-6,7,13
2014,13,Cagliari Calcio,16,11,0,20,20
2014,13,Atalanta,17,10,-8,5,13
2014,13,Chievo Verona,18,9,-8,9,17
2014,13,Cesena,19,8,-10,9,19
2014,13,Parma,20,-1,-16,14,30
2014,14,Juventus,1,34,25,30,5
2014,14,AS Roma,2,31,16,25,9
2014,14,SSC Napoli,3,23,8,24,16
2014,14,Genoa,4,23,7,19,12
2014,14,Sampdoria,5,22,6,16,10
2014,14,AC Milan,6,21,6,23,17
2014,14,Lazio,7,20,5,21,16
2014,14,Fiorentina,8,19,5,16,11
2014,14,Udinese Calcio,9,18,-2,15,17
2014,14,Sassuolo,10,18,-3,13,16
2014,14,Inter,11,17,1,20,19
2014,14,US Palermo,12,17,-5,15,20
2014,14,FC Empoli,13,14,-5,14,19
2014,14,Hellas Verona,14,14,-7,15,22
2014,14,Torino,15,12,-7,8,15
2014,14,Cagliari Calcio,16,11,-4,20,24
2014,14,Atalanta,17,11,-8,5,13
2014,14,Chievo Verona,18,10,-8,9,17
2014,14,Cesena,19,8,-13,9,22
2014,14,Parma,20,-1,-17,15,32
2014,15,Juventus,1,35,25,30,5
2014,15,AS Roma,2,32,16,27,11
2014,15,Genoa,3,26,8,20,12
2014,15,Sampdoria,4,25,8,19,11
2014,15,SSC Napoli,5,24,8,26,18
2014,15,Lazio,6,23,6,23,17
2014,15,AC Milan,7,21,5,23,18
2014,15,Udinese Calcio,8,21,-1,17,18
2014,15,Fiorentina,9,20,5,16,11
2014,15,Sassuolo,10,19,-3,15,18
2014,15,US Palermo,11,18,-5,17,22
2014,15,Inter,12,17,0,21,21
2014,15,FC Empoli,13,15,-5,16,21
2014,15,Atalanta,14,14,-7,8,15
2014,15,Hellas Verona,15,14,-9,16,25
2014,15,Chievo Verona,16,13,-6,11,17
2014,15,Torino,17,13,-7,10,17
2014,15,Cagliari Calcio,18,11,-6,20,26
2014,15,Cesena,19,8,-14,11,25
2014,15,Parma,20,-1,-18,16,34
2014,16,Juventus,1,36,25,31,6
2014,16,AS Roma,2,35,17,28,11
2014,16,Lazio,3,26,9,26,17
2014,16,Sampdoria,4,26,8,20,12
2014,16,Genoa,5,26,7,20,13
2014,16,AC Milan,6,24,7,25,18
2014,16,SSC Napoli,7,24,6,26,20
2014,16,Fiorentina,8,23,8,20,12
2014,16,Udinese Calcio,9,21,-2,18,20
2014,16,US Palermo,10,21,-4,19,23
2014,16,Inter,11,20,2,23,21
2014,16,Sassuolo,12,19,-4,16,20
2014,16,Hellas Verona,13,17,-8,18,26
2014,16,FC Empoli,14,16,-5,16,21
2014,16,Torino,15,14,-7,10,17
2014,16,Atalanta,16,14,-10,8,18
2014,16,Chievo Verona,17,13,-8,11,19
2014,16,Cagliari Calcio,18,12,-6,20,26
2014,16,Cesena,19,8,-17,12,29
2014,16,Parma,20,0,-18,16,34
2014,17,Juventus,1,39,27,34,7
2014,17,AS Roma,2,36,17,28,11
2014,17,Lazio,3,27,9,28,19
2014,17,SSC Napoli,4,27,8,28,20
2014,17,Sampdoria,5,27,8,22,14
2014,17,Genoa,6,26,6,21,15
2014,17,AC Milan,7,25,7,25,18
2014,17,Fiorentina,8,24,8,21,13
2014,17,Udinese Calcio,9,22,-2,20,22
2014,17,US Palermo,10,22,-4,22,26
2014,17,Inter,11,21,2,25,23
2014,17,Sassuolo,12,20,-4,17,21
2014,17,FC Empoli,13,17,-5,17,22
2014,17,Torino,14,17,-6,12,18
2014,17,Hellas Verona,15,17,-9,18,27
2014,17,Chievo Verona,16,16,-7,12,19
2014,17,Atalanta,17,15,-10,11,21
2014,17,Cagliari Calcio,18,12,-8,21,29
2014,17,Cesena,19,9,-17,13,30
2014,17,Parma,20,0,-20,16,36
2014,18,Juventus,1,40,27,35,8
2014,18,AS Roma,2,39,18,29,11
2014,18,Lazio,3,30,12,31,19
2014,18,SSC Napoli,4,30,11,32,21
2014,18,Genoa,5,27,6,23,17
2014,18,Sampdoria,6,27,5,22,17
2014,18,AC Milan,7,25,6,26,20
2014,18,US Palermo,8,25,1,27,26
2014,18,Fiorentina,9,24,7,21,14
2014,18,Sassuolo,10,23,-3,19,22
2014,18,Inter,11,22,2,26,24
2014,18,Udinese Calcio,12,22,-3,20,23
2014,18,FC Empoli,13,18,-5,17,22
2014,18,Torino,14,18,-6,12,18
2014,18,Hellas Verona,15,18,-9,18,27
2014,18,Chievo Verona,16,17,-7,12,19
2014,18,Atalanta,17,16,-10,13,23
2014,18,Cagliari Calcio,18,12,-13,21,34
2014,18,Cesena,19,9,-20,14,34
2014,18,Parma,20,3,-19,17,36
2014,19,Juventus,1,43,29,38,9
2014,19,AS Roma,2,40,18,31,13
2014,19,Lazio,3,31,12,33,21
2014,19,SSC Napoli,4,30,9,33,24
2014,19,Sampdoria,5,30,6,23,17
2014,19,Fiorentina,6,27,8,25,17
2014,19,Genoa,7,27,4,24,20
2014,19,AC Milan,8,26,6,27,21
2014,19,Inter,9,25,4,29,25
2014,19,US Palermo,10,25,0,30,30
2014,19,Sassuolo,11,24,-3,20,23
2014,19,Udinese Calcio,12,23,-3,21,24
2014,19,Hellas Verona,13,21,-7,21,28
2014,19,Torino,14,19,-6,13,19
2014,19,FC Empoli,15,18,-6,17,23
2014,19,Chievo Verona,16,18,-7,13,20
2014,19,Atalanta,17,17,-10,14,24
2014,19,Cagliari Calcio,18,15,-12,23,35
2014,19,Cesena,19,9,-21,15,36
2014,19,Parma,20,3,-21,18,39
2014,20,Juventus,1,46,33,42,9
2014,20,AS Roma,2,41,18,32,14
2014,20,SSC Napoli,3,33,10,34,24
2014,20,Sampdoria,4,33,8,25,17
2014,20,Lazio,5,31,11,33,22
2014,20,Fiorentina,6,30,9,27,18
2014,20,Genoa,7,28,4,27,23
2014,20,AC Milan,8,26,5,27,22
2014,20,Inter,9,26,4,29,25
2014,20,US Palermo,10,26,0,31,31
2014,20,Sassuolo,11,25,-3,23,26
2014,20,Udinese Calcio,12,24,-3,23,26
2014,20,Torino,13,22,-5,16,21
2014,20,Hellas Verona,14,21,-11,21,32
2014,20,Atalanta,15,20,-9,15,24
2014,20,FC Empoli,16,19,-6,17,23
2014,20,Chievo Verona,17,18,-8,14,22
2014,20,Cagliari Calcio,18,16,-12,25,37
2014,20,Cesena,19,9,-22,17,39
2014,20,Parma,20,3,-23,18,41
2014,21,Juventus,1,49,35,44,9
2014,21,AS Roma,2,42,18,33,15
2014,21,SSC Napoli,3,36,11,36,25
2014,21,Lazio,4,34,13,36,23
2014,21,Sampdoria,5,34,8,26,18
2014,21,Fiorentina,6,31,9,28,19
2014,21,Genoa,7,28,3,28,25
2014,21,US Palermo,8,27,0,32,32
2014,21,Udinese Calcio,9,27,-2,25,27
2014,21,Inter,10,26,3,29,26
2014,21,AC Milan,11,26,3,28,25
2014,21,Sassuolo,12,25,-4,24,28
2014,21,Torino,13,25,-4,17,21
2014,21,Hellas Verona,14,24,-10,22,32
2014,21,Atalanta,15,20,-10,15,25
2014,21,FC Empoli,16,19,-7,18,25
2014,21,Cagliari Calcio,17,19,-11,27,38
2014,21,Chievo Verona,18,18,-10,14,24
2014,21,Cesena,19,12,-21,19,40
2014,21,Parma,20,3,-24,19,43
2014,22,Juventus,1,50,35,44,9
2014,22,AS Roma,2,43,18,34,16
2014,22,SSC Napoli,3,39,12,38,26
2014,22,Lazio,4,34,12,37,25
2014,22,Sampdoria,5,34,4,27,23
2014,22,Fiorentina,6,32,9,29,20
2014,22,US Palermo,7,30,1,34,33
2014,22,AC Milan,8,29,5,31,26
2014,22,Genoa,9,29,3,29,26
2014,22,Torino,10,28,0,22,22
2014,22,Sassuolo,11,28,-2,27,29
2014,22,Udinese Calcio,12,28,-2,25,27
2014,22,Inter,13,26,1,30,29
2014,22,Hellas Verona,14,24,-11,23,34
2014,22,Atalanta,15,23,-9,17,26
2014,22,FC Empoli,16,20,-7,19,26
2014,22,Cagliari Calcio,17,19,-12,28,40
2014,22,Chievo Verona,18,18,-11,15,26
2014,22,Cesena,19,15,-20,21,41
2014,22,Parma,20,3,-26,20,46
2014,23,Juventus,1,53,37,47,10
2014,23,AS Roma,2,46,19,36,17
2014,23,SSC Napoli,3,42,14,41,27
2014,23,Fiorentina,4,35,10,32,22
2014,23,Sampdoria,5,35,4,28,24
2014,23,Lazio,6,34,11,37,26
2014,23,Genoa,7,32,4,30,26
2014,23,Torino,8,31,2,25,23
2014,23,US Palermo,9,30,-2,34,36
2014,23,Inter,10,29,4,33,29
2014,23,AC Milan,11,29,3,32,29
2014,23,Sassuolo,12,29,-2,28,30
2014,23,Udinese Calcio,13,28,-4,26,30
2014,23,Hellas Verona,14,24,-13,24,37
2014,23,FC Empoli,15,23,-5,21,26
2014,23,Atalanta,16,23,-10,19,29
2014,23,Chievo Verona,17,21,-10,16,26
2014,23,Cagliari Calcio,18,19,-13,29,42
2014,23,Cesena,19,15,-22,21,43
2014,23,Parma,20,3,-27,20,47
2014,24,Juventus,1,54,37,49,12
2014,24,AS Roma,2,47,19,36,17
2014,24,SSC Napoli,3,42,12,42,30
2014,24,Fiorentina,4,38,12,35,23
2014,24,Lazio,5,37,12,38,26
2014,24,Genoa,6,35,7,35,28
2014,24,Sampdoria,7,35,3,29,26
2014,24,US Palermo,8,33,0,37,37
2014,24,Inter,9,32,7,37,30
2014,24,Torino,10,32,2,26,24
2014,24,AC Milan,11,30,3,33,30
2014,24,Sassuolo,12,29,-4,29,33
2014,24,Udinese Calcio,13,28,-5,26,31
2014,24,FC Empoli,14,24,-5,22,27
2014,24,Chievo Verona,15,24,-9,18,27
2014,24,Hellas Verona,16,24,-16,26,42
2014,24,Atalanta,17,23,-13,20,33
2014,24,Cagliari Calcio,18,20,-13,30,43
2014,24,Cesena,19,16,-22,23,45
2014,24,Parma,20,4,-27,20,47
2014,25,Juventus,1,57,38,51,13
2014,25,AS Roma,2,48,19,37,18
2014,25,SSC Napoli,3,45,14,44,30
2014,25,Lazio,4,40,13,40,27
2014,25,Fiorentina,5,39,12,36,24
2014,25,Genoa,6,36,7,36,29
2014,25,Sampdoria,7,36,3,30,27
2014,25,Inter,8,35,8,39,31
2014,25,AC Milan,9,33,5,35,30
2014,25,Torino,10,33,2,27,25
2014,25,US Palermo,11,33,-1,38,39
2014,25,Sassuolo,12,29,-6,29,35
2014,25,Udinese Calcio,13,28,-6,26,32
2014,25,FC Empoli,14,27,-2,25,27
2014,25,Hellas Verona,15,25,-16,27,43
2014,25,Chievo Verona,16,24,-12,18,30
2014,25,Atalanta,17,23,-14,21,35
2014,25,Cagliari Calcio,18,20,-14,31,45
2014,25,Cesena,19,16,-24,23,47
2014,25,Parma,20,7,-26,21,47
2014,26,Juventus,1,58,38,52,14
2014,26,AS Roma,2,49,19,38,19
2014,26,SSC Napoli,3,45,13,44,31
2014,26,Lazio,4,43,16,43,27
2014,26,Fiorentina,5,42,13,37,24
2014,26,Genoa,6,39,9,38,29
2014,26,Sampdoria,7,39,4,32,28
2014,26,Torino,8,36,3,28,25
2014,26,Inter,9,35,7,39,32
2014,26,AC Milan,10,34,5,35,30
2014,26,US Palermo,11,34,-1,38,39
2014,26,Sassuolo,12,29,-9,29,38
2014,26,FC Empoli,13,28,-2,25,27
2014,26,Udinese Calcio,14,28,-7,26,33
2014,26,Hellas Verona,15,28,-15,29,44
2014,26,Chievo Verona,16,25,-12,18,30
2014,26,Atalanta,17,23,-15,22,37
2014,26,Cagliari Calcio,18,20,-15,32,47
2014,26,Cesena,19,19,-23,24,47
2014,26,Parma,20,7,-28,21,49
2014,27,Juventus,1,61,39,53,14
2014,27,AS Roma,2,50,19,38,19
2014,27,Lazio,3,46,20,47,27
2014,27,SSC Napoli,4,46,13,46,33
2014,27,Fiorentina,5,42,9,37,28
2014,27,Sampdoria,6,42,6,34,28
2014,27,Genoa,7,40,9,39,30
2014,27,Inter,8,36,7,41,34
2014,27,Torino,9,36,2,30,28
2014,27,AC Milan,10,35,5,37,32
2014,27,US Palermo,11,35,-1,38,39
2014,27,Udinese Calcio,12,31,-6,29,35
2014,27,FC Empoli,13,29,-2,26,28
2014,27,Sassuolo,14,29,-10,29,39
2014,27,Hellas Verona,15,29,-15,31,46
2014,27,Chievo Verona,16,26,-12,18,30
2014,27,Atalanta,17,24,-15,22,37
2014,27,Cagliari Calcio,18,20,-17,32,49
2014,27,Cesena,19,20,-23,24,47
2014,27,Parma,20,8,-28,21,49
2014,28,Juventus,1,64,40,54,14
2014,28,AS Roma,2,50,17,38,21
2014,28,Lazio,3,49,22,49,27
2014,28,SSC Napoli,4,46,11,46,35
2014,28,Fiorentina,5,45,10,39,29
2014,28,Sampdoria,6,45,8,36,28
2014,28,Genoa,7,40,7,39,32
2014,28,Inter,8,37,7,42,35
2014,28,Torino,9,36,0,30,30
2014,28,AC Milan,10,35,4,38,34
2014,28,US Palermo,11,35,-2,38,40
2014,28,Udinese Calcio,12,32,-6,29,35
2014,28,Sassuolo,13,32,-7,33,40
2014,28,Hellas Verona,14,32,-13,33,46
2014,28,FC Empoli,15,30,-2,27,29
2014,28,Chievo Verona,16,29,-10,20,30
2014,28,Atalanta,17,25,-15,22,37
2014,28,Cagliari Calcio,18,21,-17,33,50
2014,28,Cesena,19,21,-23,25,48
2014,28,Parma,20,8,-31,22,53
2014,29,Juventus,1,67,41,55,14
2014,29,AS Roma,2,53,18,39,21
2014,29,Lazio,3,52,24,51,27
2014,29,Sampdoria,4,48,9,37,28
2014,29,SSC Napoli,5,47,11,47,36
2014,29,Fiorentina,6,46,10,41,31
2014,29,Genoa,7,40,6,39,33
2014,29,Torino,8,39,2,32,30
2014,29,AC Milan,9,38,6,41,35
2014,29,Inter,10,37,6,42,36
2014,29,US Palermo,11,35,-3,38,41
2014,29,FC Empoli,12,33,0,30,30
2014,29,Udinese Calcio,13,33,-6,31,37
2014,29,Sassuolo,14,32,-9,34,43
2014,29,Chievo Verona,15,32,-9,21,30
2014,29,Hellas Verona,16,32,-15,33,48
2014,29,Atalanta,17,26,-15,23,38
2014,29,Cagliari Calcio,18,21,-19,34,53
2014,29,Cesena,19,21,-24,25,49
2014,29,Parma,20,8,-33,22,55
2014,30,Juventus,1,70,43,57,14
2014,30,AS Roma,2,56,19,40,21
2014,30,Lazio,3,55,26,54,28
2014,30,Fiorentina,4,49,12,43,31
2014,30,Sampdoria,5,48,7,37,30
2014,30,SSC Napoli,6,47,10,47,37
2014,30,Torino,7,42,3,34,31
2014,30,AC Milan,8,41,7,43,36
2014,30,Genoa,9,41,6,40,34
2014,30,Inter,10,38,6,43,37
2014,30,US Palermo,11,35,-4,39,43
2014,30,Sassuolo,12,35,-8,35,43
2014,30,Udinese Calcio,13,34,-6,32,38
2014,30,FC Empoli,14,33,-2,30,32
2014,30,Hellas Verona,15,33,-15,36,51
2014,30,Chievo Verona,16,32,-10,21,31
2014,30,Atalanta,17,26,-16,24,40
2014,30,Cesena,18,22,-24,28,52
2014,30,Cagliari Calcio,19,21,-21,35,56
2014,30,Parma,20,9,-33,23,56
2014,31,Juventus,1,70,42,57,15
2014,31,Lazio,2,58,30,58,28
2014,31,AS Roma,3,57,19,41,22
2014,31,SSC Napoli,4,50,13,50,37
2014,31,Fiorentina,5,49,9,43,34
2014,31,Sampdoria,6,49,7,38,31
2014,31,Genoa,7,44,8,42,34
2014,31,Torino,8,43,3,35,32
2014,31,AC Milan,9,42,7,44,37
2014,31,Inter,10,41,9,46,37
2014,31,US Palermo,11,38,-2,42,44
2014,31,Sassuolo,12,35,-9,36,45
2014,31,Chievo Verona,13,35,-9,22,31
2014,31,Udinese Calcio,14,34,-8,33,41
2014,31,FC Empoli,15,33,-6,30,36
2014,31,Hellas Verona,16,33,-18,36,54
2014,31,Atalanta,17,29,-15,26,41
2014,31,Cesena,18,22,-25,28,53
2014,31,Cagliari Calcio,19,21,-23,35,58
2014,31,Parma,20,12,-32,24,56
2014,32,Juventus,1,73,44,59,15
2014,32,Lazio,2,58,28,58,30
2014,32,AS Roma,3,58,19,42,23
2014,32,SSC Napoli,4,53,16,53,37
2014,32,Sampdoria,5,50,7,38,31
2014,32,Fiorentina,6,49,8,43,35
2014,32,Genoa,7,44,7,43,36
2014,32,Torino,8,44,3,36,33
2014,32,AC Milan,9,43,7,44,37
2014,32,Inter,10,42,9,46,37
2014,32,US Palermo,11,41,-1,44,45
2014,32,Sassuolo,12,36,-9,37,46
2014,32,Chievo Verona,13,36,-9,23,32
2014,32,Hellas Verona,14,36,-17,37,54
2014,32,Udinese Calcio,15,35,-8,34,42
2014,32,FC Empoli,16,34,-6,32,38
2014,32,Atalanta,17,30,-15,27,42
2014,32,Cesena,18,23,-25,28,53
2014,32,Cagliari Calcio,19,21,-26,35,61
2014,32,Parma,20,13,-32,26,58
2014,33,Juventus,1,73,43,60,17
2014,33,Lazio,2,59,28,59,31
2014,33,AS Roma,3,58,18,43,25
2014,33,SSC Napoli,4,56,18,57,39
2014,33,Sampdoria,5,50,5,40,35
2014,33,Fiorentina,6,49,6,44,38
2014,33,Genoa,7,47,9,46,37
2014,33,Torino,8,47,4,38,34
2014,33,Inter,9,45,10,48,38
2014,33,AC Milan,10,43,6,45,39
2014,33,US Palermo,11,41,-2,44,46
2014,33,Hellas Verona,12,39,-16,40,56
2014,33,Udinese Calcio,13,38,-7,36,43
2014,33,Chievo Verona,14,37,-9,24,33
2014,33,Sassuolo,15,36,-10,39,49
2014,33,FC Empoli,16,35,-6,34,40
2014,33,Atalanta,17,31,-15,29,44
2014,33,Cagliari Calcio,18,24,-24,38,62
2014,33,Cesena,19,23,-27,29,56
2014,33,Parma,20,16,-31,27,58
2014,34,Juventus,1,76,44,63,19
2014,34,Lazio,2,62,32,63,31
2014,34,AS Roma,3,61,21,46,25
2014,34,SSC Napoli,4,56,16,59,43
2014,34,Sampdoria,5,51,5,41,36
2014,34,Genoa,6,50,11,49,38
2014,34,Fiorentina,7,49,5,46,41
2014,34,Inter,8,48,11,50,39
2014,34,Torino,9,48,4,40,36
2014,34,AC Milan,10,43,4,46,42
2014,34,US Palermo,11,42,-2,46,48
2014,34,Chievo Verona,12,40,-8,25,33
2014,34,Hellas Verona,13,40,-16,41,57
2014,34,FC Empoli,14,38,-4,38,42
2014,34,Udinese Calcio,15,38,-8,37,45
2014,34,Sassuolo,16,36,-13,39,52
2014,34,Atalanta,17,32,-15,31,46
2014,34,Cagliari Calcio,18,24,-25,38,63
2014,34,Cesena,19,24,-27,31,58
2014,34,Parma,20,16,-35,27,62
2014,35,Juventus,1,79,45,64,19
2014,35,AS Roma,2,64,23,48,25
2014,35,Lazio,3,63,32,64,32
2014,35,SSC Napoli,4,59,19,62,43
2014,35,Fiorentina,5,52,7,49,42
2014,35,Sampdoria,6,51,4,41,37
2014,35,Genoa,7,50,9,49,40
2014,35,Inter,8,49,11,50,39
2014,35,Torino,9,48,3,40,37
2014,35,AC Milan,10,43,1,46,45
2014,35,US Palermo,11,43,-2,46,48
2014,35,FC Empoli,12,41,-3,39,42
2014,35,Udinese Calcio,13,41,-7,38,45
2014,35,Chievo Verona,14,41,-8,25,33
2014,35,Hellas Verona,15,40,-17,41,58
2014,35,Sassuolo,16,37,-13,39,52
2014,35,Atalanta,17,33,-15,32,47
2014,35,Cagliari Calcio,18,27,-21,42,63
2014,35,Cesena,19,24,-29,32,61
2014,35,Parma,20,16,-39,27,66
2014,36,Juventus,1,80,45,65,20
2014,36,AS Roma,2,64,22,49,27
2014,36,Lazio,3,63,31,65,34
2014,36,SSC Napoli,4,60,19,64,45
2014,36,Fiorentina,5,55,8,52,44
2014,36,Sampdoria,6,54,7,45,38
2014,36,Genoa,7,53,13,54,41
2014,36,Inter,8,52,12,52,40
2014,36,Torino,9,48,-1,41,42
2014,36,AC Milan,10,46,2,48,46
2014,36,US Palermo,11,43,-3,48,51
2014,36,Chievo Verona,12,42,-8,27,35
2014,36,FC Empoli,13,41,-4,41,45
2014,36,Udinese Calcio,14,41,-10,39,49
2014,36,Hellas Verona,15,41,-17,43,60
2014,36,Sassuolo,16,40,-12,42,54
2014,36,Atalanta,17,36,-14,35,49
2014,36,Cagliari Calcio,18,28,-21,43,64
2014,36,Cesena,19,24,-30,34,64
2014,36,Parma,20,17,-39,29,68
2014,37,Juventus,1,83,46,67,21
2014,37,AS Roma,2,67,23,51,28
2014,37,Lazio,3,66,32,66,34
2014,37,SSC Napoli,4,63,20,67,47
2014,37,Fiorentina,5,58,11,55,44
2014,37,Genoa,6,56,16,58,42
2014,37,Sampdoria,7,54,6,45,39
2014,37,Inter,8,52,11,53,42
2014,37,Torino,9,51,1,43,42
2014,37,AC Milan,10,46,1,50,49
2014,37,US Palermo,11,46,-2,49,51
2014,37,Hellas Verona,12,44,-16,45,61
2014,37,Sassuolo,13,43,-11,45,56
2014,37,Chievo Verona,14,42,-10,27,37
2014,37,FC Empoli,15,41,-5,42,47
2014,37,Udinese Calcio,16,41,-11,40,51
2014,37,Atalanta,17,36,-17,36,53
2014,37,Cagliari Calcio,18,28,-22,43,65
2014,37,Cesena,19,24,-31,36,67
2014,37,Parma,20,17,-42,29,71
2014,38,Juventus,1,86,48,70,22
2014,38,AS Roma,2,70,24,53,29
2014,38,Lazio,3,66,31,67,36
2014,38,SSC Napoli,4,63,18,68,50
2014,38,Fiorentina,5,61,12,58,46
2014,38,Genoa,6,59,17,61,44
2014,38,Sampdoria,7,55,6,46,40
2014,38,Inter,8,52,10,55,45
2014,38,Torino,9,51,-2,43,45
2014,38,AC Milan,10,49,4,53,49
2014,38,US Palermo,11,46,-3,51,54
2014,38,Sassuolo,12,46,-10,46,56
2014,38,Hellas Verona,13,45,-16,47,63
2014,38,Chievo Verona,14,43,-10,28,38
2014,38,FC Empoli,15,42,-5,43,48
2014,38,Udinese Calcio,16,41,-12,40,52
2014,38,Atalanta,17,37,-17,37,54
2014,38,Cagliari Calcio,18,31,-21,44,65
2014,38,Cesena,19,24,-32,36,68
2014,38,Parma,20,18,-42,31,73
2014,39,Juventus,1,87,48,72,24
2014,39,AS Roma,2,70,23,54,31
2014,39,Lazio,3,69,33,71,38
2014,39,Fiorentina,4,64,15,61,46
2014,39,SSC Napoli,5,63,16,70,54
2014,39,Genoa,6,59,15,62,47
2014,39,Sampdoria,7,56,6,48,42
2014,39,Inter,8,55,11,59,48
2014,39,Torino,9,54,3,48,45
2014,39,AC Milan,10,52,6,56,50
2014,39,US Palermo,11,49,-2,53,55
2014,39,Sassuolo,12,49,-8,49,57
2014,39,Hellas Verona,13,46,-16,49,65
2014,39,Chievo Verona,14,43,-13,28,41
2014,39,FC Empoli,15,42,-6,46,52
2014,39,Udinese Calcio,16,41,-13,43,56
2014,39,Atalanta,17,37,-19,38,57
2014,39,Cagliari Calcio,18,34,-20,48,68
2014,39,Cesena,19,24,-37,36,73
2014,39,Parma,20,19,-42,33,75
2015,2,Sampdoria,1,3,3,5,2
2015,2,Chievo Verona,2,3,2,3,1
2015,2,Fiorentina,3,3,2,2,0
2015,2,Lazio,4,3,1,2,1
2015,2,Torino,5,3,1,2,1
2015,2,Sassuolo,6,3,1,2,1
2015,2,Inter,7,3,1,1,0
2015,2,US Palermo,8,3,1,1,0
2015,2,Udinese Calcio,9,3,1,1,0
2015,2,AS Roma,10,1,0,1,1
2015,2,Hellas Verona,11,1,0,1,1
2015,2,SSC Napoli,12,0,-1,1,2
2015,2,Bologna,13,0,-1,1,2
2015,2,Frosinone,14,0,-1,1,2
2015,2,Juventus,15,0,-1,0,1
2015,2,Genoa,16,0,-1,0,1
2015,2,Atalanta,17,0,-1,0,1
2015,2,FC Empoli,18,0,-2,1,3
2015,2,AC Milan,19,0,-2,0,2
2015,2,Carpi,20,0,-3,2,5
2015,3,Chievo Verona,1,6,6,7,1
2015,3,Torino,2,6,3,5,2
2015,3,Inter,3,6,2,3,1
2015,3,Sassuolo,4,6,2,3,1
2015,3,US Palermo,5,6,2,2,0
2015,3,Sampdoria,6,4,3,7,4
2015,3,AS Roma,7,4,1,3,2
2015,3,Genoa,8,3,1,2,1
2015,3,Atalanta,9,3,1,2,1
2015,3,Fiorentina,10,3,0,3,3
2015,3,Udinese Calcio,11,3,0,1,1
2015,3,AC Milan,12,3,-1,2,3
2015,3,Lazio,13,3,-3,2,5
2015,3,SSC Napoli,14,1,-1,3,4
2015,3,Hellas Verona,15,1,-2,1,3
2015,3,Juventus,16,0,-2,1,3
2015,3,Bologna,17,0,-2,1,3
2015,3,FC Empoli,18,0,-3,2,5
2015,3,Frosinone,19,0,-3,1,4
2015,3,Carpi,20,0,-4,3,7
2015,4,Inter,1,9,3,4,1
2015,4,Chievo Verona,2,7,6,8,2
2015,4,Sampdoria,3,7,5,9,4
2015,4,Torino,4,7,3,7,4
2015,4,AS Roma,5,7,3,5,2
2015,4,Sassuolo,6,7,2,5,3
2015,4,US Palermo,7,7,2,4,2
2015,4,Fiorentina,8,6,1,4,3
2015,4,Lazio,9,6,-1,4,5
2015,4,Atalanta,10,4,1,4,3
2015,4,Genoa,11,3,0,2,2
2015,4,AC Milan,12,3,-2,2,4
2015,4,Udinese Calcio,13,3,-2,1,3
2015,4,SSC Napoli,14,2,-1,5,6
2015,4,Hellas Verona,15,2,-2,3,5
2015,4,Juventus,16,1,-2,2,4
2015,4,FC Empoli,17,1,-3,4,7
2015,4,Carpi,18,1,-4,5,9
2015,4,Bologna,19,0,-4,1,5
2015,4,Frosinone,20,0,-5,1,6
2015,5,Inter,1,12,4,5,1
2015,5,Torino,2,10,5,9,4
2015,5,Fiorentina,3,9,2,5,3
2015,5,AS Roma,4,8,3,7,4
2015,5,Sassuolo,5,8,2,7,5
2015,5,Chievo Verona,6,7,5,8,3
2015,5,Sampdoria,7,7,3,9,6
2015,5,US Palermo,8,7,1,6,5
2015,5,AC Milan,9,6,-1,5,6
2015,5,Lazio,10,6,-6,4,10
2015,5,SSC Napoli,11,5,4,10,6
2015,5,Atalanta,12,5,1,5,4
2015,5,Juventus,13,4,0,4,4
2015,5,FC Empoli,14,4,-2,6,8
2015,5,Hellas Verona,15,3,-2,4,6
2015,5,Genoa,16,3,-2,2,4
2015,5,Udinese Calcio,17,3,-3,2,5
2015,5,Bologna,18,3,-3,2,5
2015,5,Carpi,19,1,-5,5,10
2015,5,Frosinone,20,0,-6,1,7
2015,6,Inter,1,15,5,6,1
2015,6,Fiorentina,2,12,4,7,3
2015,6,Sassuolo,3,11,3,8,5
2015,6,Chievo Verona,4,10,6,9,3
2015,6,Sampdoria,5,10,4,11,7
2015,6,Torino,6,10,4,9,5
2015,6,AC Milan,7,9,0,8,8
2015,6,Lazio,8,9,-4,6,10
2015,6,AS Roma,9,8,2,8,6
2015,6,Atalanta,10,8,2,6,4
2015,6,US Palermo,11,7,0,6,6
2015,6,SSC Napoli,12,6,4,10,6
2015,6,Juventus,13,5,0,5,5
2015,6,FC Empoli,14,4,-3,6,9
2015,6,Hellas Verona,15,3,-3,4,7
2015,6,Udinese Calcio,16,3,-4,4,8
2015,6,Genoa,17,3,-4,2,6
2015,6,Bologna,18,3,-5,2,7
2015,6,Carpi,19,2,-5,5,10
2015,6,Frosinone,20,1,-6,2,8
2015,7,Fiorentina,1,15,7,11,4
2015,7,Inter,2,15,2,7,5
2015,7,Torino,3,13,5,11,6
2015,7,Sassuolo,4,12,3,9,6
2015,7,Lazio,5,12,-3,8,11
2015,7,AS Roma,6,11,6,13,7
2015,7,Chievo Verona,7,11,6,10,4
2015,7,Atalanta,8,11,3,8,5
2015,7,Sampdoria,9,10,3,12,9
2015,7,SSC Napoli,10,9,5,12,7
2015,7,AC Milan,11,9,-1,8,9
2015,7,US Palermo,12,7,-1,7,8
2015,7,Udinese Calcio,13,6,-3,6,9
2015,7,Genoa,14,6,-3,3,6
2015,7,Juventus,15,5,-1,6,7
2015,7,Frosinone,16,4,-4,4,8
2015,7,FC Empoli,17,4,-5,6,11
2015,7,Hellas Verona,18,3,-4,5,9
2015,7,Bologna,19,3,-6,3,9
2015,7,Carpi,20,2,-9,6,15
2015,8,Fiorentina,1,18,10,14,4
2015,8,Inter,2,16,2,8,6
2015,8,Lazio,3,15,-1,10,11
2015,8,AS Roma,4,14,8,17,9
2015,8,Torino,5,13,4,12,8
2015,8,SSC Napoli,6,12,9,16,7
2015,8,Chievo Verona,7,12,6,11,5
2015,8,Sassuolo,8,12,2,9,7
2015,8,Sampdoria,9,11,3,13,10
2015,8,Atalanta,10,11,0,8,8
2015,8,AC Milan,11,9,-5,8,13
2015,8,Juventus,12,8,1,9,8
2015,8,US Palermo,13,7,-3,9,12
2015,8,Udinese Calcio,14,7,-3,7,10
2015,8,Genoa,15,7,-3,4,7
2015,8,FC Empoli,16,7,-4,7,11
2015,8,Carpi,17,5,-8,8,16
2015,8,Hellas Verona,18,4,-4,6,10
2015,8,Frosinone,19,4,-6,4,10
2015,8,Bologna,20,3,-8,4,12
2015,9,Fiorentina,1,18,9,15,6
2015,9,AS Roma,2,17,10,20,10
2015,9,Inter,3,17,2,8,6
2015,9,SSC Napoli,4,15,10,18,8
2015,9,Sassuolo,5,15,3,11,8
2015,9,Lazio,6,15,-2,11,13
2015,9,Torino,7,14,4,13,9
2015,9,Atalanta,8,14,3,11,8
2015,9,Chievo Verona,9,12,5,13,8
2015,9,Sampdoria,10,11,1,13,12
2015,9,US Palermo,11,10,-2,10,12
2015,9,Genoa,12,10,-2,7,9
2015,9,AC Milan,13,10,-5,9,14
2015,9,Juventus,14,9,1,9,8
2015,9,Udinese Calcio,15,8,-3,8,11
2015,9,Frosinone,16,7,-4,6,10
2015,9,FC Empoli,17,7,-6,8,14
2015,9,Hellas Verona,18,5,-4,7,11
2015,9,Carpi,19,5,-11,8,19
2015,9,Bologna,20,3,-9,4,13
2015,10,AS Roma,1,20,11,22,11
2015,10,SSC Napoli,2,18,11,19,8
2015,10,Fiorentina,3,18,8,16,8
2015,10,Inter,4,18,2,9,7
2015,10,Lazio,5,18,1,14,13
2015,10,Sassuolo,6,15,2,12,10
2015,10,Sampdoria,7,14,4,17,13
2015,10,Torino,8,14,1,13,12
2015,10,Atalanta,9,14,1,11,10
2015,10,AC Milan,10,13,-4,11,15
2015,10,Chievo Verona,11,12,4,13,9
2015,10,Juventus,12,12,3,11,8
2015,10,US Palermo,13,11,-2,11,13
2015,10,Udinese Calcio,14,11,-2,9,11
2015,10,FC Empoli,15,10,-4,10,14
2015,10,Genoa,16,10,-4,7,11
2015,10,Frosinone,17,7,-5,6,11
2015,10,Bologna,18,6,-8,6,14
2015,10,Hellas Verona,19,5,-7,8,15
2015,10,Carpi,20,5,-12,9,21
2015,11,AS Roma,1,23,13,25,12
2015,11,SSC Napoli,2,21,13,21,8
2015,11,Fiorentina,3,21,10,18,8
2015,11,Inter,4,21,3,10,7
2015,11,Sassuolo,5,18,3,13,10
2015,11,Lazio,6,18,0,15,15
2015,11,Atalanta,7,17,2,13,11
2015,11,AC Milan,8,16,-3,12,15
2015,11,Sampdoria,9,15,4,18,14
2015,11,Torino,10,15,1,16,15
2015,11,Chievo Verona,11,12,3,13,10
2015,11,Juventus,12,12,2,11,9
2015,11,US Palermo,13,11,-4,11,15
2015,11,FC Empoli,14,11,-4,11,15
2015,11,Genoa,15,11,-4,10,14
2015,11,Udinese Calcio,16,11,-4,10,14
2015,11,Frosinone,17,10,-4,8,12
2015,11,Bologna,18,6,-9,6,15
2015,11,Hellas Verona,19,5,-9,8,17
2015,11,Carpi,20,5,-13,10,23
2015,12,Fiorentina,1,24,13,22,9
2015,12,Inter,2,24,4,11,7
2015,12,AS Roma,3,23,12,25,13
2015,12,SSC Napoli,4,22,13,21,8
2015,12,Sassuolo,5,19,3,13,10
2015,12,AC Milan,6,19,-1,15,16
2015,12,Lazio,7,18,-2,16,18
2015,12,Atalanta,8,17,-1,13,14
2015,12,Sampdoria,9,16,4,19,15
2015,12,Juventus,10,15,3,13,10
2015,12,Torino,11,15,0,17,17
2015,12,FC Empoli,12,14,-3,12,15
2015,12,Chievo Verona,13,13,3,14,11
2015,12,Genoa,14,12,-4,10,14
2015,12,Udinese Calcio,15,12,-4,10,14
2015,12,US Palermo,16,11,-5,11,16
2015,12,Frosinone,17,10,-7,9,16
2015,12,Bologna,18,9,-6,9,15
2015,12,Hellas Verona,19,6,-9,8,17
2015,12,Carpi,20,6,-13,10,23
2015,13,Fiorentina,1,27,15,24,9
2015,13,Inter,2,27,5,12,7
2015,13,AS Roma,3,26,14,27,13
2015,13,SSC Napoli,4,25,14,22,8
2015,13,Sassuolo,5,22,4,14,10
2015,13,AC Milan,6,20,-1,15,16
2015,13,Juventus,7,18,5,16,11
2015,13,Atalanta,8,18,-1,13,14
2015,13,Lazio,9,18,-4,16,20
2015,13,Sampdoria,10,16,2,19,17
2015,13,Torino,11,15,-1,17,18
2015,13,US Palermo,12,14,-4,12,16
2015,13,FC Empoli,13,14,-5,13,18
2015,13,Chievo Verona,14,13,2,14,12
2015,13,Genoa,15,13,-4,12,16
2015,13,Bologna,16,12,-4,11,15
2015,13,Udinese Calcio,17,12,-5,10,15
2015,13,Frosinone,18,11,-7,11,18
2015,13,Hellas Verona,19,6,-11,8,19
2015,13,Carpi,20,6,-14,10,24
2015,14,Inter,1,30,9,16,7
2015,14,SSC Napoli,2,28,16,24,8
2015,14,Fiorentina,3,28,15,26,11
2015,14,AS Roma,4,27,14,29,15
2015,14,Sassuolo,5,22,3,15,12
2015,14,Juventus,6,21,6,17,11
2015,14,AC Milan,7,20,-2,15,17
2015,14,Lazio,8,19,-4,17,21
2015,14,Torino,9,18,0,18,18
2015,14,Atalanta,10,18,-2,13,15
2015,14,Chievo Verona,11,16,3,16,13
2015,14,Sampdoria,12,16,1,19,18
2015,14,Genoa,13,16,-3,14,17
2015,14,US Palermo,14,15,-4,13,17
2015,14,Udinese Calcio,15,15,-4,11,15
2015,14,FC Empoli,16,15,-5,15,20
2015,14,Bologna,17,13,-4,13,17
2015,14,Frosinone,18,11,-11,11,22
2015,14,Hellas Verona,19,6,-13,8,21
2015,14,Carpi,20,6,-15,11,26
2015,15,SSC Napoli,1,31,17,26,9
2015,15,Inter,2,30,8,17,9
2015,15,Fiorentina,3,29,15,27,12
2015,15,AS Roma,4,27,12,29,17
2015,15,Juventus,5,24,9,20,11
2015,15,Sassuolo,6,23,3,16,13
2015,15,AC Milan,7,23,1,19,18
2015,15,Torino,8,21,2,20,18
2015,15,Atalanta,9,21,0,15,15
2015,15,Lazio,10,19,-5,17,22
2015,15,Udinese Calcio,11,18,-3,14,17
2015,15,FC Empoli,12,18,-4,16,20
2015,15,Chievo Verona,13,16,2,18,16
2015,15,Sampdoria,14,16,-2,20,22
2015,15,Genoa,15,16,-4,15,19
2015,15,US Palermo,16,15,-7,13,20
2015,15,Frosinone,17,14,-10,14,24
2015,15,Bologna,18,13,-6,13,19
2015,15,Carpi,19,9,-14,13,27
2015,15,Hellas Verona,20,6,-14,10,24
2015,16,Inter,1,33,9,18,9
2015,16,Fiorentina,2,32,18,30,12
2015,16,SSC Napoli,3,31,16,28,12
2015,16,AS Roma,4,28,12,30,18
2015,16,Juventus,5,27,11,22,11
2015,16,Sassuolo,6,26,5,19,14
2015,16,Atalanta,7,24,3,18,15
2015,16,AC Milan,8,24,1,19,18
2015,16,Torino,9,22,2,21,19
2015,16,FC Empoli,10,21,-3,17,20
2015,16,Chievo Verona,11,19,4,20,16
2015,16,Lazio,12,19,-7,17,24
2015,16,Udinese Calcio,13,18,-6,14,20
2015,16,Sampdoria,14,16,-4,21,25
2015,16,Bologna,15,16,-5,16,21
2015,16,Genoa,16,16,-5,15,20
2015,16,US Palermo,17,15,-10,13,23
2015,16,Frosinone,18,14,-12,14,26
2015,16,Carpi,19,10,-14,13,27
2015,16,Hellas Verona,20,6,-15,10,25
2015,17,Inter,1,36,13,22,9
2015,17,Fiorentina,2,32,16,31,15
2015,17,SSC Napoli,3,32,16,28,12
2015,17,Juventus,4,30,13,25,12
2015,17,AS Roma,5,29,12,30,18
2015,17,Sassuolo,6,27,5,20,15
2015,17,AC Milan,7,25,1,20,19
2015,17,Atalanta,8,24,2,18,16
2015,17,FC Empoli,9,24,0,20,20
2015,17,Torino,10,23,2,22,20
2015,17,Chievo Verona,11,22,5,21,16
2015,17,Lazio,12,20,-7,18,25
2015,17,Bologna,13,19,-4,17,21
2015,17,US Palermo,14,18,-7,17,24
2015,17,Udinese Calcio,15,18,-10,14,24
2015,17,Sampdoria,16,17,-4,22,26
2015,17,Genoa,17,16,-6,15,21
2015,17,Frosinone,18,14,-15,15,30
2015,17,Carpi,19,10,-17,13,30
2015,17,Hellas Verona,20,7,-15,11,26
2015,18,Inter,1,36,12,23,11
2015,18,Fiorentina,2,35,18,33,15
2015,18,SSC Napoli,3,35,18,31,13
2015,18,Juventus,4,33,14,28,14
2015,18,AS Roma,5,32,14,32,18
2015,18,Sassuolo,6,28,5,21,16
2015,18,AC Milan,7,28,3,24,21
2015,18,FC Empoli,8,27,1,23,22
2015,18,Atalanta,9,24,0,19,19
2015,18,Torino,10,23,1,22,21
2015,18,Lazio,11,23,-6,20,26
2015,18,Chievo Verona,12,22,3,21,18
2015,18,Udinese Calcio,13,21,-9,15,24
2015,18,Sampdoria,14,20,-2,24,26
2015,18,Bologna,15,19,-5,19,24
2015,18,US Palermo,16,18,-9,17,26
2015,18,Genoa,17,16,-8,15,23
2015,18,Frosinone,18,14,-17,17,34
2015,18,Carpi,19,10,-18,15,33
2015,18,Hellas Verona,20,8,-15,12,27
2015,19,Inter,1,39,13,24,11
2015,19,Fiorentina,2,38,20,36,16
2015,19,SSC Napoli,3,38,19,33,14
2015,19,Juventus,4,36,17,31,14
2015,19,AS Roma,5,33,14,35,21
2015,19,Sassuolo,6,29,5,23,18
2015,19,AC Milan,7,28,2,24,22
2015,19,FC Empoli,8,27,0,23,23
2015,19,Atalanta,9,24,-1,20,21
2015,19,Lazio,10,24,-6,20,26
2015,19,Udinese Calcio,11,24,-8,17,25
2015,19,Chievo Verona,12,23,3,24,21
2015,19,Torino,13,23,0,23,23
2015,19,Sampdoria,14,23,-1,27,28
2015,19,Bologna,15,22,-4,20,24
2015,19,US Palermo,16,18,-11,18,29
2015,19,Genoa,17,16,-9,17,26
2015,19,Frosinone,18,15,-17,19,36
2015,19,Carpi,19,11,-18,15,33
2015,19,Hellas Verona,20,8,-18,12,30
2015,20,SSC Napoli,1,41,23,38,15
2015,20,Juventus,2,39,18,33,15
2015,20,Inter,3,39,12,24,12
2015,20,Fiorentina,4,38,18,37,19
2015,20,AS Roma,5,34,14,36,22
2015,20,Sassuolo,6,32,6,24,18
2015,20,FC Empoli,7,30,1,24,23
2015,20,AC Milan,8,29,2,25,23
2015,20,Lazio,9,27,-4,23,27
2015,20,Chievo Verona,10,26,4,25,21
2015,20,Atalanta,11,24,-3,20,23
2015,20,Udinese Calcio,12,24,-9,18,27
2015,20,Torino,13,23,-1,23,24
2015,20,Sampdoria,14,23,-2,28,30
2015,20,Bologna,15,22,-5,20,25
2015,20,US Palermo,16,21,-10,19,29
2015,20,Genoa,17,19,-7,19,26
2015,20,Frosinone,18,15,-21,20,41
2015,20,Carpi,19,14,-17,17,34
2015,20,Hellas Verona,20,8,-19,12,31
2015,21,SSC Napoli,1,44,25,41,16
2015,21,Juventus,2,42,22,37,15
2015,21,Inter,3,40,12,25,13
2015,21,Fiorentina,4,38,16,37,21
2015,21,AS Roma,5,35,14,37,23
2015,21,AC Milan,6,32,4,27,23
2015,21,Sassuolo,7,32,4,25,21
2015,21,FC Empoli,8,31,1,25,24
2015,21,Lazio,9,28,-4,25,29
2015,21,Chievo Verona,10,27,4,26,22
2015,21,Torino,11,26,1,27,26
2015,21,Atalanta,12,25,-3,21,24
2015,21,Udinese Calcio,13,24,-13,18,31
2015,21,Sampdoria,14,23,-3,29,32
2015,21,Bologna,15,23,-5,22,27
2015,21,Genoa,16,22,-3,23,26
2015,21,US Palermo,17,21,-14,19,33
2015,21,Carpi,18,17,-16,19,35
2015,21,Frosinone,19,15,-23,22,45
2015,21,Hellas Verona,20,9,-19,13,32
2015,22,SSC Napoli,1,47,27,45,18
2015,22,Juventus,2,45,23,38,15
2015,22,Fiorentina,3,41,18,39,21
2015,22,Inter,4,41,12,26,14
2015,22,AS Roma,5,35,13,37,24
2015,22,AC Milan,6,33,4,29,25
2015,22,Sassuolo,7,32,2,25,23
2015,22,FC Empoli,8,32,1,27,26
2015,22,Lazio,9,31,-1,29,30
2015,22,Chievo Verona,10,27,1,27,26
2015,22,Torino,11,26,-1,27,28
2015,22,Bologna,12,26,-3,24,27
2015,22,Atalanta,13,26,-3,21,24
2015,22,US Palermo,14,24,-11,23,34
2015,22,Udinese Calcio,15,24,-16,19,35
2015,22,Genoa,16,23,-3,24,27
2015,22,Sampdoria,17,23,-5,31,36
2015,22,Carpi,18,18,-16,20,36
2015,22,Frosinone,19,16,-23,22,45
2015,22,Hellas Verona,20,10,-19,14,33
2015,23,SSC Napoli,1,50,31,50,19
2015,23,Juventus,2,48,27,42,15
2015,23,Fiorentina,3,42,18,39,21
2015,23,Inter,4,41,9,26,17
2015,23,AS Roma,5,38,15,40,25
2015,23,AC Milan,6,36,7,32,25
2015,23,Sassuolo,7,33,2,26,24
2015,23,Lazio,8,32,-1,29,30
2015,23,FC Empoli,9,32,-3,28,31
2015,23,Bologna,10,29,-2,27,29
2015,23,Torino,11,27,-1,27,28
2015,23,Chievo Verona,12,27,-3,27,30
2015,23,Atalanta,13,27,-3,22,25
2015,23,US Palermo,14,25,-11,24,35
2015,23,Udinese Calcio,15,25,-16,19,35
2015,23,Genoa,16,24,-3,24,27
2015,23,Sampdoria,17,23,-6,33,39
2015,23,Carpi,18,19,-16,21,37
2015,23,Frosinone,19,16,-25,23,48
2015,23,Hellas Verona,20,11,-19,14,33
2015,24,SSC Napoli,1,53,33,52,19
2015,24,Juventus,2,51,28,43,15
2015,24,Fiorentina,3,45,19,41,22
2015,24,Inter,4,44,10,27,17
2015,24,AS Roma,5,41,17,42,25
2015,24,AC Milan,6,39,9,34,25
2015,24,Sassuolo,7,33,0,26,26
2015,24,FC Empoli,8,33,-3,29,32
2015,24,Lazio,9,32,-3,29,32
2015,24,Bologna,10,29,-3,27,30
2015,24,Torino,11,28,-1,29,30
2015,24,Chievo Verona,12,27,-4,27,31
2015,24,Atalanta,13,27,-4,23,27
2015,24,Udinese Calcio,14,26,-16,20,36
2015,24,US Palermo,15,25,-13,24,37
2015,24,Genoa,16,24,-4,24,28
2015,24,Sampdoria,17,24,-6,35,41
2015,24,Carpi,18,19,-17,22,39
2015,24,Frosinone,19,19,-24,24,48
2015,24,Hellas Verona,20,14,-18,16,34
2015,25,SSC Napoli,1,56,34,53,19
2015,25,Juventus,2,54,30,45,15
2015,25,Fiorentina,3,46,19,42,23
2015,25,Inter,4,45,10,30,20
2015,25,AS Roma,5,44,18,44,26
2015,25,AC Milan,6,40,9,35,26
2015,25,Sassuolo,7,34,0,28,28
2015,25,FC Empoli,8,34,-3,29,32
2015,25,Lazio,9,33,-3,29,32
2015,25,Chievo Verona,10,30,-3,29,32
2015,25,Bologna,11,30,-3,28,31
2015,25,Torino,12,28,-2,30,32
2015,25,Atalanta,13,28,-4,23,27
2015,25,Udinese Calcio,14,27,-16,21,37
2015,25,US Palermo,15,26,-13,26,39
2015,25,Genoa,16,25,-4,24,28
2015,25,Sampdoria,17,24,-7,36,43
2015,25,Carpi,18,19,-18,22,40
2015,25,Frosinone,19,19,-26,24,50
2015,25,Hellas Verona,20,15,-18,19,37
2015,26,Juventus,1,57,31,46,15
2015,26,SSC Napoli,2,56,33,53,20
2015,26,Fiorentina,3,49,20,44,24
2015,26,AS Roma,4,47,20,47,27
2015,26,Inter,5,45,9,31,22
2015,26,AC Milan,6,43,10,37,27
2015,26,Lazio,7,36,0,34,34
2015,26,Sassuolo,8,35,0,29,29
2015,26,FC Empoli,9,34,-4,30,34
2015,26,Bologna,10,33,-2,29,31
2015,26,Torino,11,31,0,33,33
2015,26,Chievo Verona,12,31,-3,30,33
2015,26,Atalanta,13,29,-4,23,27
2015,26,Udinese Calcio,14,27,-17,21,38
2015,26,US Palermo,15,26,-15,27,42
2015,26,Genoa,16,25,-5,25,30
2015,26,Sampdoria,17,25,-7,36,43
2015,26,Frosinone,18,22,-25,26,51
2015,26,Carpi,19,19,-20,23,43
2015,26,Hellas Verona,20,15,-21,21,42
2015,27,Juventus,1,58,31,46,15
2015,27,SSC Napoli,2,57,33,54,21
2015,27,Fiorentina,3,52,21,47,26
2015,27,AS Roma,4,50,25,52,27
2015,27,Inter,5,48,11,34,23
2015,27,AC Milan,6,44,10,38,28
2015,27,Sassuolo,7,38,1,32,31
2015,27,Lazio,8,37,0,34,34
2015,27,Bologna,9,34,-2,29,31
2015,27,FC Empoli,10,34,-5,32,37
2015,27,Torino,11,32,0,33,33
2015,27,Chievo Verona,12,31,-5,31,36
2015,27,Atalanta,13,29,-5,25,30
2015,27,Genoa,14,28,-4,27,31
2015,27,Udinese Calcio,15,27,-18,22,40
2015,27,US Palermo,16,26,-20,27,47
2015,27,Sampdoria,17,25,-9,37,46
2015,27,Frosinone,18,23,-25,26,51
2015,27,Carpi,19,20,-20,23,43
2015,27,Hellas Verona,20,18,-19,24,43
2015,28,Juventus,1,61,33,48,15
2015,28,SSC Napoli,2,58,33,55,22
2015,28,AS Roma,3,53,27,55,28
2015,28,Fiorentina,4,53,21,48,27
2015,28,Inter,5,48,9,34,25
2015,28,AC Milan,6,47,11,39,28
2015,28,Sassuolo,7,41,3,34,31
2015,28,Lazio,8,37,-2,34,36
2015,28,Bologna,9,35,-2,29,31
2015,28,Chievo Verona,10,34,-4,32,36
2015,28,FC Empoli,11,34,-7,33,40
2015,28,Torino,12,32,-1,33,34
2015,28,Atalanta,13,30,-5,26,31
2015,28,Udinese Calcio,14,30,-16,24,40
2015,28,Genoa,15,28,-5,27,32
2015,28,Sampdoria,16,28,-7,39,46
2015,28,US Palermo,17,27,-20,27,47
2015,28,Frosinone,18,23,-27,26,53
2015,28,Carpi,19,21,-20,24,44
2015,28,Hellas Verona,20,18,-21,24,45
2015,29,Juventus,1,64,35,50,15
2015,29,SSC Napoli,2,61,35,58,23
2015,29,AS Roma,3,56,30,59,29
2015,29,Fiorentina,4,53,18,49,31
2015,29,Inter,5,51,11,37,26
2015,29,AC Milan,6,47,9,39,30
2015,29,Sassuolo,7,44,5,36,31
2015,29,Lazio,8,38,-2,35,37
2015,29,Bologna,9,36,-2,29,31
2015,29,Chievo Verona,10,34,-6,33,39
2015,29,FC Empoli,11,34,-8,33,41
2015,29,Torino,12,33,-1,34,35
2015,29,Sampdoria,13,31,-4,42,46
2015,29,Genoa,14,31,-4,28,32
2015,29,Atalanta,15,30,-7,26,33
2015,29,Udinese Calcio,16,30,-18,24,42
2015,29,US Palermo,17,27,-22,28,50
2015,29,Frosinone,18,26,-25,28,53
2015,29,Carpi,19,22,-20,24,44
2015,29,Hellas Verona,20,18,-24,24,48
2015,30,Juventus,1,67,36,51,15
2015,30,SSC Napoli,2,64,36,59,23
2015,30,AS Roma,3,59,31,61,30
2015,30,Fiorentina,4,54,18,50,32
2015,30,Inter,5,54,12,39,27
2015,30,AC Milan,6,48,9,39,30
2015,30,Sassuolo,7,44,4,36,32
2015,30,Lazio,8,41,0,37,37
2015,30,Bologna,9,36,-3,30,33
2015,30,Chievo Verona,10,35,-6,33,39
2015,30,FC Empoli,11,35,-8,34,42
2015,30,Genoa,12,34,-3,31,34
2015,30,Torino,13,33,-2,36,38
2015,30,Sampdoria,14,32,-4,43,47
2015,30,Atalanta,15,30,-9,26,35
2015,30,Udinese Calcio,16,30,-19,25,44
2015,30,US Palermo,17,27,-23,28,51
2015,30,Frosinone,18,26,-26,29,55
2015,30,Carpi,19,25,-19,26,45
2015,30,Hellas Verona,20,19,-24,25,49
2015,31,Juventus,1,70,39,55,16
2015,31,SSC Napoli,2,67,38,62,24
2015,31,AS Roma,3,60,31,62,31
2015,31,Fiorentina,4,55,18,50,32
2015,31,Inter,5,55,12,40,28
2015,31,AC Milan,6,49,9,40,31
2015,31,Sassuolo,7,45,4,37,33
2015,31,Lazio,8,42,0,38,38
2015,31,Chievo Verona,9,38,-5,34,39
2015,31,Bologna,10,36,-5,30,35
2015,31,FC Empoli,11,36,-8,34,42
2015,31,Genoa,12,34,-5,32,37
2015,31,Torino,13,33,-5,37,42
2015,31,Atalanta,14,33,-7,28,35
2015,31,Sampdoria,15,32,-5,43,48
2015,31,Udinese Calcio,16,31,-19,26,45
2015,31,Carpi,17,28,-18,28,46
2015,31,US Palermo,18,28,-23,28,51
2015,31,Frosinone,19,27,-26,29,55
2015,31,Hellas Verona,20,19,-25,26,51
2015,32,Juventus,1,73,40,56,16
2015,32,SSC Napoli,2,67,36,63,27
2015,32,AS Roma,3,63,34,66,32
2015,32,Fiorentina,4,56,18,51,33
2015,32,Inter,5,55,11,41,30
2015,32,AC Milan,6,49,8,41,33
2015,32,Sassuolo,7,48,6,40,34
2015,32,Lazio,8,42,-3,39,42
2015,32,Chievo Verona,9,41,-3,37,40
2015,32,Genoa,10,37,-1,36,37
2015,32,Torino,11,36,-4,39,43
2015,32,Atalanta,12,36,-6,30,36
2015,32,Bologna,13,36,-6,30,36
2015,32,FC Empoli,14,36,-9,34,43
2015,32,Udinese Calcio,15,34,-17,29,46
2015,32,Sampdoria,16,33,-5,44,49
2015,32,Carpi,17,28,-20,29,49
2015,32,US Palermo,18,28,-25,29,54
2015,32,Frosinone,19,27,-30,29,59
2015,32,Hellas Verona,20,22,-24,27,51
2015,33,Juventus,1,76,41,58,17
2015,33,SSC Napoli,2,70,39,66,27
2015,33,AS Roma,3,64,34,67,33
2015,33,Inter,4,58,12,42,30
2015,33,Fiorentina,5,56,16,51,35
2015,33,AC Milan,6,49,7,42,35
2015,33,Sassuolo,7,48,5,40,35
2015,33,Lazio,8,45,0,42,42
2015,33,Chievo Verona,9,44,-2,38,40
2015,33,Genoa,10,40,0,37,37
2015,33,Torino,11,39,-3,41,44
2015,33,FC Empoli,12,39,-7,36,43
2015,33,Bologna,13,37,-6,31,37
2015,33,Sampdoria,14,36,-3,46,49
2015,33,Atalanta,15,36,-7,31,38
2015,33,Udinese Calcio,16,34,-19,29,48
2015,33,Carpi,17,28,-21,29,50
2015,33,US Palermo,18,28,-28,29,57
2015,33,Frosinone,19,27,-31,29,60
2015,33,Hellas Verona,20,22,-27,27,54
2015,34,Juventus,1,79,45,62,17
2015,34,SSC Napoli,2,70,37,66,29
2015,34,AS Roma,3,65,34,70,36
2015,34,Inter,4,61,14,44,30
2015,34,Fiorentina,5,59,18,54,36
2015,34,AC Milan,6,52,8,43,35
2015,34,Sassuolo,7,48,3,41,38
2015,34,Lazio,8,48,2,44,42
2015,34,Chievo Verona,9,45,-2,38,40
2015,34,Torino,10,42,-2,42,44
2015,34,Genoa,11,40,-3,38,41
2015,34,FC Empoli,12,39,-9,36,45
2015,34,Atalanta,13,37,-7,34,41
2015,34,Bologna,14,37,-7,31,38
2015,34,Sampdoria,15,36,-4,46,50
2015,34,Udinese Calcio,16,35,-19,29,48
2015,34,Carpi,17,31,-18,33,51
2015,34,Frosinone,18,30,-30,31,61
2015,34,US Palermo,19,28,-32,29,61
2015,34,Hellas Verona,20,22,-28,28,56
2015,35,Juventus,1,82,48,65,17
2015,35,SSC Napoli,2,73,43,72,29
2015,35,AS Roma,3,68,35,73,38
2015,35,Inter,4,61,13,44,31
2015,35,Fiorentina,5,59,17,55,38
2015,35,AC Milan,6,53,8,43,35
2015,35,Sassuolo,7,49,3,41,38
2015,35,Chievo Verona,8,48,2,43,41
2015,35,Lazio,9,48,-1,44,45
2015,35,Genoa,10,43,-2,39,41
2015,35,Torino,11,42,-3,44,47
2015,35,FC Empoli,12,42,-8,37,45
2015,35,Atalanta,13,38,-7,36,43
2015,35,Udinese Calcio,14,38,-18,31,49
2015,35,Sampdoria,15,37,-4,46,50
2015,35,Bologna,16,37,-13,31,44
2015,35,Carpi,17,32,-18,33,51
2015,35,Frosinone,18,30,-34,32,66
2015,35,US Palermo,19,29,-32,31,63
2015,35,Hellas Verona,20,22,-29,28,57
2015,36,Juventus,1,85,49,67,18
2015,36,SSC Napoli,2,73,42,72,30
2015,36,AS Roma,3,71,36,74,38
2015,36,Inter,4,64,15,47,32
2015,36,Fiorentina,5,59,16,56,40
2015,36,AC Milan,6,53,7,44,37
2015,36,Sassuolo,7,52,5,44,39
2015,36,Chievo Verona,8,48,1,43,42
2015,36,Lazio,9,48,-2,45,47
2015,36,Genoa,10,43,-4,39,43
2015,36,Torino,11,42,-5,45,50
2015,36,FC Empoli,12,42,-9,37,46
2015,36,Atalanta,13,41,-6,37,43
2015,36,Sampdoria,14,40,-3,48,51
2015,36,Bologna,15,40,-11,33,44
2015,36,Udinese Calcio,16,38,-20,32,52
2015,36,Carpi,17,35,-17,34,51
2015,36,US Palermo,18,32,-30,33,63
2015,36,Frosinone,19,30,-36,32,68
2015,36,Hellas Verona,20,25,-28,30,58
2015,37,Juventus,1,88,51,69,18
2015,37,SSC Napoli,2,76,43,74,31
2015,37,AS Roma,3,74,37,77,40
2015,37,Inter,4,64,13,47,34
2015,37,Fiorentina,5,60,16,56,40
2015,37,Sassuolo,6,55,6,45,39
2015,37,AC Milan,7,54,7,47,40
2015,37,Lazio,8,51,0,47,47
2015,37,Chievo Verona,9,49,1,43,42
2015,37,Torino,10,45,-1,50,51
2015,37,Genoa,11,43,-5,41,46
2015,37,FC Empoli,12,43,-9,37,46
2015,37,Atalanta,13,41,-7,38,45
2015,37,Bologna,14,41,-11,33,44
2015,37,Sampdoria,15,40,-5,48,53
2015,37,Udinese Calcio,16,38,-24,33,57
2015,37,Carpi,17,35,-19,34,53
2015,37,US Palermo,18,35,-28,35,63
2015,37,Frosinone,19,31,-36,35,71
2015,37,Hellas Verona,20,25,-29,30,59
2015,38,Juventus,1,88,50,70,20
2015,38,SSC Napoli,2,79,44,76,32
2015,38,AS Roma,3,77,40,80,40
2015,38,Inter,4,67,14,49,35
2015,38,Fiorentina,5,61,16,56,40
2015,38,Sassuolo,6,58,7,46,39
2015,38,AC Milan,7,57,8,48,40
2015,38,Lazio,8,54,2,50,48
2015,38,Chievo Verona,9,49,-2,43,45
2015,38,Genoa,10,46,-2,44,46
2015,38,Torino,11,45,-2,51,53
2015,38,FC Empoli,12,43,-10,38,48
2015,38,Atalanta,13,42,-7,39,46
2015,38,Bologna,14,41,-12,33,45
2015,38,Sampdoria,15,40,-8,48,56
2015,38,Udinese Calcio,16,39,-24,34,58
2015,38,US Palermo,17,36,-28,35,63
2015,38,Carpi,18,35,-21,35,56
2015,38,Frosinone,19,31,-37,35,72
2015,38,Hellas Verona,20,28,-28,32,60
2015,39,Juventus,1,91,55,75,20
2015,39,SSC Napoli,2,82,48,80,32
2015,39,AS Roma,3,80,42,83,41
2015,39,Inter,4,67,12,50,38
2015,39,Fiorentina,5,64,18,60,42
2015,39,Sassuolo,6,61,9,49,40
2015,39,AC Milan,7,57,6,49,43
2015,39,Lazio,8,54,0,52,52
2015,39,Chievo Verona,9,50,-2,43,45
2015,39,Genoa,10,46,-3,45,48
2015,39,FC Empoli,11,46,-9,40,49
2015,39,Torino,12,45,-3,52,55
2015,39,Atalanta,13,45,-6,41,47
2015,39,Bologna,14,42,-12,33,45
2015,39,Sampdoria,15,40,-13,48,61
2015,39,Udinese Calcio,16,39,-25,35,60
2015,39,US Palermo,17,39,-27,38,65
2015,39,Carpi,18,38,-20,37,57
2015,39,Frosinone,19,31,-41,35,76
2015,39,Hellas Verona,20,28,-29,34,63
2016,2,AS Roma,1,3,4,4,0
2016,2,Genoa,2,3,2,3,1
2016,2,Chievo Verona,3,3,2,2,0
2016,2,Lazio,4,3,1,4,3
2016,2,AC Milan,5,3,1,3,2
2016,2,Juventus,6,3,1,2,1
2016,2,Bologna,7,3,1,1,0
2016,2,Sampdoria,8,3,1,1,0
2016,2,Sassuolo,9,3,1,1,0
2016,2,SSC Napoli,10,1,0,2,2
2016,2,Pescara,11,1,0,2,2
2016,2,Atalanta,12,0,-1,3,4
2016,2,Torino,13,0,-1,2,3
2016,2,Fiorentina,14,0,-1,1,2
2016,2,Crotone,15,0,-1,0,1
2016,2,FC Empoli,16,0,-1,0,1
2016,2,US Palermo,17,0,-1,0,1
2016,2,Cagliari Calcio,18,0,-2,1,3
2016,2,Inter,19,0,-2,0,2
2016,2,Udinese Calcio,20,0,-4,0,4
2016,3,Genoa,1,6,4,6,2
2016,3,Juventus,2,6,2,3,1
2016,3,Sampdoria,3,6,2,3,1
2016,3,AS Roma,4,4,4,6,2
2016,3,Pescara,5,4,3,5,2
2016,3,SSC Napoli,6,4,2,6,4
2016,3,Torino,7,3,3,7,4
2016,3,Chievo Verona,8,3,1,2,1
2016,3,Lazio,9,3,0,4,4
2016,3,Fiorentina,10,3,0,2,2
2016,3,AC Milan,11,3,-1,5,6
2016,3,Udinese Calcio,12,3,-2,2,4
2016,3,Sassuolo,13,3,-2,1,3
2016,3,Bologna,14,3,-3,2,5
2016,3,US Palermo,15,1,-1,1,2
2016,3,Cagliari Calcio,16,1,-2,3,5
2016,3,Inter,17,1,-2,1,3
2016,3,Atalanta,18,0,-2,4,6
2016,3,Crotone,19,0,-3,1,4
2016,3,FC Empoli,20,0,-3,0,3
2016,4,Genoa,1,9,5,7,2
2016,4,Juventus,2,9,4,6,2
2016,4,SSC Napoli,3,7,5,9,4
2016,4,AS Roma,4,7,5,9,4
2016,4,Sampdoria,5,6,1,5,4
2016,4,Udinese Calcio,6,6,-1,3,4
2016,4,Bologna,7,6,-2,4,6
2016,4,Pescara,8,4,2,6,4
2016,4,Chievo Verona,9,4,1,3,2
2016,4,Lazio,10,4,0,5,5
2016,4,Inter,11,4,-1,3,4
2016,4,Torino,12,3,2,8,6
2016,4,Atalanta,13,3,-1,6,7
2016,4,Fiorentina,14,3,-1,2,3
2016,4,AC Milan,15,3,-2,5,7
2016,4,FC Empoli,16,3,-2,2,4
2016,4,Sassuolo,17,3,-4,2,6
2016,4,Cagliari Calcio,18,1,-3,4,7
2016,4,US Palermo,19,1,-4,1,5
2016,4,Crotone,20,0,-4,2,6
2016,5,SSC Napoli,1,10,7,12,5
2016,5,Genoa,2,9,3,7,4
2016,5,Juventus,3,9,3,7,4
2016,5,AS Roma,4,7,4,9,5
2016,5,Lazio,5,7,3,8,5
2016,5,Chievo Verona,6,7,2,5,3
2016,5,Inter,7,7,0,5,5
2016,5,Sampdoria,8,6,0,5,5
2016,5,Fiorentina,9,6,0,3,3
2016,5,AC Milan,10,6,-1,6,7
2016,5,Sassuolo,11,6,-2,4,6
2016,5,Udinese Calcio,12,6,-2,4,6
2016,5,Bologna,13,6,-4,5,9
2016,5,Torino,14,4,2,8,6
2016,5,Cagliari Calcio,15,4,0,7,7
2016,5,Pescara,16,4,-1,6,7
2016,5,FC Empoli,17,4,-2,2,4
2016,5,Atalanta,18,3,-4,6,10
2016,5,US Palermo,19,2,-4,2,6
2016,5,Crotone,20,1,-4,3,7
2016,6,Juventus,1,12,7,11,4
2016,6,SSC Napoli,2,11,7,12,5
2016,6,AS Roma,3,10,8,13,5
2016,6,Chievo Verona,4,10,3,7,4
2016,6,Genoa,5,10,3,7,4
2016,6,Inter,6,10,2,7,5
2016,6,AC Milan,7,9,1,8,7
2016,6,Bologna,8,9,-2,7,9
2016,6,Lazio,9,7,1,8,7
2016,6,Fiorentina,10,7,0,5,5
2016,6,Udinese Calcio,11,7,-2,6,8
2016,6,Sampdoria,12,6,-2,5,7
2016,6,Sassuolo,13,6,-3,5,8
2016,6,Torino,14,5,2,8,6
2016,6,Pescara,15,5,-1,6,7
2016,6,US Palermo,16,5,-3,3,6
2016,6,Cagliari Calcio,17,4,-4,7,11
2016,6,FC Empoli,18,4,-4,2,6
2016,6,Atalanta,19,3,-5,6,11
2016,6,Crotone,20,1,-8,3,11
2016,7,Juventus,1,15,8,12,4
2016,7,SSC Napoli,2,14,9,14,5
2016,7,Genoa,3,11,3,8,5
2016,7,Inter,4,11,2,8,6
2016,7,AS Roma,5,10,6,14,8
2016,7,Lazio,6,10,3,10,7
2016,7,AC Milan,7,10,1,8,7
2016,7,Chievo Verona,8,10,1,7,6
2016,7,Bologna,9,10,-2,8,10
2016,7,Sassuolo,10,9,-2,6,8
2016,7,Torino,11,8,4,11,7
2016,7,Fiorentina,12,8,0,5,5
2016,7,Cagliari Calcio,13,7,-3,9,12
2016,7,Udinese Calcio,14,7,-3,6,9
2016,7,Pescara,15,6,-1,7,8
2016,7,Atalanta,16,6,-3,9,12
2016,7,Sampdoria,17,6,-3,6,9
2016,7,US Palermo,18,5,-4,3,7
2016,7,FC Empoli,19,4,-6,2,8
2016,7,Crotone,20,1,-10,4,14
2016,8,Juventus,1,18,11,15,4
2016,8,SSC Napoli,2,14,8,14,6
2016,8,Genoa,3,14,4,9,5
2016,8,AS Roma,4,13,7,16,9
2016,8,Lazio,5,13,6,13,7
2016,8,Chievo Verona,6,13,3,9,6
2016,8,AC Milan,7,13,2,12,10
2016,8,Torino,8,11,5,13,8
2016,8,Inter,9,11,1,9,8
2016,8,Cagliari Calcio,10,10,-2,11,13
2016,8,Bologna,11,10,-3,8,11
2016,8,Atalanta,12,9,-2,10,12
2016,8,Sassuolo,13,9,-3,9,12
2016,8,Fiorentina,14,8,-1,6,7
2016,8,Sampdoria,15,7,-3,7,10
2016,8,Udinese Calcio,16,7,-6,6,12
2016,8,Pescara,17,6,-3,7,10
2016,8,US Palermo,18,6,-4,4,8
2016,8,FC Empoli,19,4,-9,2,11
2016,8,Crotone,20,1,-11,5,16
2016,9,Juventus,1,21,12,17,5
2016,9,AS Roma,2,16,9,19,10
2016,9,AC Milan,3,16,4,15,11
2016,9,Genoa,4,15,4,9,5
2016,9,Torino,5,14,8,17,9
2016,9,SSC Napoli,6,14,6,15,9
2016,9,Lazio,7,14,6,14,8
2016,9,Chievo Verona,8,13,1,10,9
2016,9,Cagliari Calcio,9,13,-1,13,14
2016,9,Sassuolo,10,12,-2,11,13
2016,9,Inter,11,11,0,10,10
2016,9,Bologna,12,11,-3,9,12
2016,9,Atalanta,13,10,-2,10,12
2016,9,Fiorentina,14,9,-1,6,7
2016,9,Sampdoria,15,8,-3,8,11
2016,9,Pescara,16,7,-3,8,11
2016,9,Udinese Calcio,17,7,-7,7,14
2016,9,US Palermo,18,6,-7,5,12
2016,9,FC Empoli,19,5,-9,2,11
2016,9,Crotone,20,1,-12,6,18
2016,10,Juventus,1,21,11,17,6
2016,10,AS Roma,2,19,12,23,11
2016,10,AC Milan,3,19,5,16,11
2016,10,SSC Napoli,4,17,7,17,10
2016,10,Torino,5,15,8,19,11
2016,10,Lazio,6,15,6,16,10
2016,10,Genoa,7,15,3,10,7
2016,10,Chievo Verona,8,14,1,10,9
2016,10,Atalanta,9,13,-1,12,13
2016,10,Sassuolo,10,13,-2,12,14
2016,10,Cagliari Calcio,11,13,-3,16,19
2016,10,Fiorentina,12,12,1,11,10
2016,10,Bologna,13,12,-3,10,13
2016,10,Inter,14,11,-1,11,12
2016,10,Sampdoria,15,11,-2,10,12
2016,10,Udinese Calcio,16,10,-5,10,15
2016,10,Pescara,17,7,-5,9,14
2016,10,FC Empoli,18,6,-9,2,11
2016,10,US Palermo,19,6,-10,6,16
2016,10,Crotone,20,1,-13,7,20
2016,11,Juventus,1,24,14,21,7
2016,11,AS Roma,2,22,14,26,12
2016,11,SSC Napoli,3,20,9,19,10
2016,11,AC Milan,4,19,2,16,14
2016,11,Lazio,5,18,9,20,11
2016,11,Genoa,6,18,6,13,7
2016,11,Atalanta,7,16,0,13,13
2016,11,Torino,8,15,7,20,13
2016,11,Chievo Verona,9,15,1,11,10
2016,11,Inter,10,14,0,13,13
2016,11,Fiorentina,11,13,1,12,11
2016,11,Udinese Calcio,12,13,-3,13,16
2016,11,Bologna,13,13,-3,11,14
2016,11,Sassuolo,14,13,-4,13,17
2016,11,Cagliari Calcio,15,13,-6,17,23
2016,11,Sampdoria,16,11,-5,11,16
2016,11,Pescara,17,7,-6,9,15
2016,11,FC Empoli,18,6,-11,2,13
2016,11,US Palermo,19,6,-12,7,19
2016,11,Crotone,20,2,-13,8,21
2016,12,Juventus,1,27,15,23,8
2016,12,AS Roma,2,23,14,26,12
2016,12,AC Milan,3,22,3,17,14
2016,12,Lazio,4,21,10,22,12
2016,12,SSC Napoli,5,20,8,20,12
2016,12,Atalanta,6,19,3,16,13
2016,12,Genoa,7,18,3,13,10
2016,12,Torino,8,16,7,22,15
2016,12,Fiorentina,9,16,2,13,11
2016,12,Cagliari Calcio,10,16,-5,19,24
2016,12,Chievo Verona,11,15,-1,11,12
2016,12,Inter,12,14,-1,13,14
2016,12,Udinese Calcio,13,14,-3,15,18
2016,12,Sampdoria,14,14,-4,12,16
2016,12,Bologna,15,13,-4,11,15
2016,12,Sassuolo,16,13,-5,14,19
2016,12,Pescara,17,7,-7,9,16
2016,12,FC Empoli,18,7,-11,2,13
2016,12,US Palermo,19,6,-13,8,21
2016,12,Crotone,20,5,-11,10,21
2016,13,Juventus,1,30,16,25,9
2016,13,AS Roma,2,26,17,29,12
2016,13,AC Milan,3,25,4,19,15
2016,13,Lazio,4,22,10,23,13
2016,13,Atalanta,5,22,6,19,13
2016,13,SSC Napoli,6,21,8,21,13
2016,13,Torino,7,19,11,27,16
2016,13,Genoa,8,19,3,14,11
2016,13,Inter,9,17,2,16,14
2016,13,Fiorentina,10,17,2,14,12
2016,13,Cagliari Calcio,11,16,-9,20,29
2016,13,Chievo Verona,12,15,-2,12,14
2016,13,Udinese Calcio,13,15,-3,16,19
2016,13,Sampdoria,14,15,-4,13,17
2016,13,Bologna,15,13,-7,11,18
2016,13,Sassuolo,16,13,-8,14,22
2016,13,FC Empoli,17,10,-7,6,13
2016,13,Pescara,18,7,-11,9,20
2016,13,US Palermo,19,6,-14,9,23
2016,13,Crotone,20,5,-14,10,24
2016,14,Juventus,1,33,19,28,9
2016,14,AS Roma,2,26,16,30,14
2016,14,AC Milan,3,26,4,21,17
2016,14,Lazio,4,25,12,26,14
2016,14,Atalanta,5,25,7,21,14
2016,14,SSC Napoli,6,24,9,23,14
2016,14,Torino,7,22,13,29,16
2016,14,Fiorentina,8,20,6,18,12
2016,14,Genoa,9,19,1,15,14
2016,14,Inter,10,18,2,18,16
2016,14,Chievo Verona,11,18,-1,13,14
2016,14,Sampdoria,12,18,-3,16,19
2016,14,Bologna,13,16,-5,14,19
2016,14,Cagliari Calcio,14,16,-10,20,30
2016,14,Udinese Calcio,15,15,-4,17,21
2016,14,Sassuolo,16,13,-9,16,25
2016,14,FC Empoli,17,10,-11,6,17
2016,14,Pescara,18,7,-14,9,23
2016,14,US Palermo,19,6,-16,10,26
2016,14,Crotone,20,5,-16,10,26
2016,15,Juventus,1,33,17,29,12
2016,15,AS Roma,2,29,17,33,16
2016,15,AC Milan,3,29,7,25,18
2016,15,Lazio,4,28,13,27,14
2016,15,Atalanta,5,28,9,23,14
2016,15,Torino,6,25,14,31,17
2016,15,SSC Napoli,7,25,9,24,15
2016,15,Genoa,8,22,3,18,15
2016,15,Inter,9,21,4,22,18
2016,15,Fiorentina,10,20,4,20,16
2016,15,Sampdoria,11,19,-3,17,20
2016,15,Cagliari Calcio,12,19,-9,22,31
2016,15,Chievo Verona,13,18,-2,14,16
2016,15,Bologna,14,16,-7,14,21
2016,15,Udinese Calcio,15,15,-5,18,23
2016,15,Sassuolo,16,14,-9,17,26
2016,15,FC Empoli,17,10,-14,7,21
2016,15,Pescara,18,7,-15,11,26
2016,15,Crotone,19,6,-16,11,27
2016,15,US Palermo,20,6,-17,10,27
2016,16,Juventus,1,36,19,32,13
2016,16,AS Roma,2,32,19,35,16
2016,16,AC Milan,3,32,8,27,19
2016,16,SSC Napoli,4,28,12,27,15
2016,16,Lazio,5,28,11,27,16
2016,16,Atalanta,6,28,7,24,17
2016,16,Torino,7,25,12,31,19
2016,16,Fiorentina,8,23,5,22,17
2016,16,Genoa,9,23,3,18,15
2016,16,Sampdoria,10,22,-1,19,20
2016,16,Inter,11,21,1,22,21
2016,16,Cagliari Calcio,12,20,-9,23,32
2016,16,Chievo Verona,13,19,-2,14,16
2016,16,Udinese Calcio,14,18,-4,19,23
2016,16,Sassuolo,15,17,-6,20,26
2016,16,Bologna,16,16,-8,14,22
2016,16,FC Empoli,17,10,-17,7,24
2016,16,Pescara,18,8,-15,12,27
2016,16,Crotone,19,6,-17,12,29
2016,16,US Palermo,20,6,-18,11,29
2016,17,Juventus,1,39,21,35,14
2016,17,AS Roma,2,35,20,36,16
2016,17,AC Milan,3,32,7,27,20
2016,17,SSC Napoli,4,31,17,32,15
2016,17,Lazio,5,31,12,29,17
2016,17,Atalanta,6,28,5,25,20
2016,17,Fiorentina,7,26,6,24,18
2016,17,Torino,8,25,10,32,22
2016,17,Inter,9,24,3,24,21
2016,17,Genoa,10,23,1,18,17
2016,17,Chievo Verona,11,22,0,16,16
2016,17,Sampdoria,12,22,-2,20,22
2016,17,Udinese Calcio,13,21,-2,22,24
2016,17,Cagliari Calcio,14,20,-14,23,37
2016,17,Sassuolo,15,17,-7,21,28
2016,17,Bologna,16,17,-8,14,22
2016,17,FC Empoli,17,11,-17,7,24
2016,17,Crotone,18,9,-16,14,30
2016,17,Pescara,19,8,-16,13,29
2016,17,US Palermo,20,6,-20,11,31
2016,18,Juventus,1,42,22,36,14
2016,18,AS Roma,2,35,19,36,17
2016,18,SSC Napoli,3,34,19,37,18
2016,18,Lazio,4,34,14,32,18
2016,18,AC Milan,5,33,7,27,20
2016,18,Atalanta,6,29,5,25,20
2016,18,Inter,7,27,4,25,21
2016,18,Fiorentina,8,26,4,25,21
2016,18,Torino,9,25,8,35,27
2016,18,Chievo Verona,10,25,1,18,17
2016,18,Udinese Calcio,11,24,0,24,24
2016,18,Genoa,12,23,0,21,21
2016,18,Sampdoria,13,22,-3,21,24
2016,18,Bologna,14,20,-5,17,22
2016,18,Cagliari Calcio,15,20,-16,23,39
2016,18,Sassuolo,16,17,-8,21,29
2016,18,FC Empoli,17,14,-15,9,24
2016,18,Crotone,18,9,-18,14,32
2016,18,US Palermo,19,9,-19,15,34
2016,18,Pescara,20,8,-19,13,32
2016,19,Juventus,1,45,24,38,14
2016,19,AS Roma,2,38,21,39,18
2016,19,AC Milan,3,36,8,28,20
2016,19,SSC Napoli,4,35,19,40,21
2016,19,Lazio,5,34,11,32,21
2016,19,Atalanta,6,32,6,27,21
2016,19,Inter,7,30,7,28,21
2016,19,Torino,8,28,9,36,27
2016,19,Fiorentina,9,27,4,28,24
2016,19,Udinese Calcio,10,25,0,24,24
2016,19,Chievo Verona,11,25,-1,19,20
2016,19,Genoa,12,23,-1,21,22
2016,19,Sampdoria,13,23,-3,21,24
2016,19,Cagliari Calcio,14,23,-15,27,42
2016,19,Bologna,15,20,-6,17,23
2016,19,Sassuolo,16,17,-9,24,33
2016,19,FC Empoli,17,14,-16,10,26
2016,19,US Palermo,18,10,-19,16,35
2016,19,Pescara,19,9,-19,14,33
2016,19,Crotone,20,9,-20,14,34
2016,20,Juventus,1,48,27,41,14
2016,20,AS Roma,2,41,22,40,18
2016,20,AC Milan,3,39,9,29,20
2016,20,SSC Napoli,4,38,20,42,22
2016,20,Lazio,5,37,12,33,21
2016,20,Atalanta,6,35,9,31,22
2016,20,Inter,7,33,8,30,22
2016,20,Fiorentina,8,30,5,30,25
2016,20,Torino,9,29,9,36,27
2016,20,Udinese Calcio,10,25,-1,25,26
2016,20,Chievo Verona,11,25,-4,20,24
2016,20,Genoa,12,23,-2,21,23
2016,20,Sampdoria,13,23,-4,22,26
2016,20,Cagliari Calcio,14,23,-16,27,43
2016,20,Bologna,15,20,-9,17,26
2016,20,Sassuolo,16,18,-9,24,33
2016,20,FC Empoli,17,17,-15,11,26
2016,20,US Palermo,18,10,-20,16,36
2016,20,Pescara,19,9,-20,15,35
2016,20,Crotone,20,9,-21,14,35
2016,21,Juventus,1,48,26,42,16
2016,21,AS Roma,2,44,23,41,18
2016,21,SSC Napoli,3,41,22,45,23
2016,21,Lazio,4,40,13,35,22
2016,21,AC Milan,5,40,9,31,22
2016,21,Inter,6,36,10,33,23
2016,21,Atalanta,7,35,8,32,24
2016,21,Fiorentina,8,33,6,32,26
2016,21,Torino,9,30,9,38,29
2016,21,Cagliari Calcio,10,26,-13,31,44
2016,21,Udinese Calcio,11,25,-2,25,27
2016,21,Chievo Verona,12,25,-6,21,27
2016,21,Sampdoria,13,24,-4,22,26
2016,21,Genoa,14,23,-5,22,27
2016,21,Bologna,15,23,-8,18,26
2016,21,Sassuolo,16,21,-6,28,34
2016,21,FC Empoli,17,18,-15,11,26
2016,21,US Palermo,18,10,-23,17,40
2016,21,Pescara,19,9,-22,16,38
2016,21,Crotone,20,9,-22,14,36
2016,22,Juventus,1,51,28,44,16
2016,22,AS Roma,2,47,24,42,18
2016,22,SSC Napoli,3,44,23,47,24
2016,22,Lazio,4,40,11,35,24
2016,22,AC Milan,5,40,8,32,24
2016,22,Inter,6,39,11,34,23
2016,22,Atalanta,7,38,9,33,24
2016,22,Fiorentina,8,36,9,35,26
2016,22,Torino,9,30,7,38,31
2016,22,Bologna,10,26,-6,20,26
2016,22,Cagliari Calcio,11,26,-14,31,45
2016,22,Udinese Calcio,12,25,-3,25,28
2016,22,Chievo Verona,13,25,-9,21,30
2016,22,Sassuolo,14,24,-4,31,35
2016,22,Genoa,15,24,-5,24,29
2016,22,Sampdoria,16,24,-5,22,27
2016,22,FC Empoli,17,21,-14,12,26
2016,22,Crotone,18,10,-22,16,38
2016,22,US Palermo,19,10,-24,17,41
2016,22,Pescara,20,9,-24,17,41
2016,23,Juventus,1,54,30,46,16
2016,23,AS Roma,2,47,23,44,21
2016,23,SSC Napoli,3,45,23,48,25
2016,23,Inter,4,42,14,37,23
2016,23,Lazio,5,40,10,35,25
2016,23,AC Milan,6,40,7,33,26
2016,23,Atalanta,7,39,9,34,25
2016,23,Fiorentina,8,37,9,38,29
2016,23,Torino,9,31,7,39,32
2016,23,Udinese Calcio,10,28,-2,27,29
2016,23,Chievo Verona,11,28,-8,22,30
2016,23,Sampdoria,12,27,-4,25,29
2016,23,Bologna,13,27,-6,21,27
2016,23,Cagliari Calcio,14,27,-14,32,46
2016,23,Genoa,15,25,-5,27,32
2016,23,Sassuolo,16,24,-6,31,37
2016,23,FC Empoli,17,21,-17,13,30
2016,23,Crotone,18,13,-19,20,39
2016,23,US Palermo,19,11,-24,18,42
2016,23,Pescara,20,9,-27,17,44
2016,24,Juventus,1,57,31,47,16
2016,24,AS Roma,2,50,27,48,21
2016,24,SSC Napoli,3,48,29,55,26
2016,24,Lazio,4,43,14,41,27
2016,24,Inter,5,42,13,37,24
2016,24,Atalanta,6,42,11,36,25
2016,24,AC Milan,7,40,6,33,27
2016,24,Fiorentina,8,37,5,38,33
2016,24,Torino,9,32,7,40,33
2016,24,Sampdoria,10,30,-3,26,29
2016,24,Udinese Calcio,11,29,-2,27,29
2016,24,Chievo Verona,12,29,-8,22,30
2016,24,Sassuolo,13,27,-5,32,37
2016,24,Bologna,14,27,-12,22,34
2016,24,Cagliari Calcio,15,27,-16,32,48
2016,24,Genoa,16,25,-6,27,33
2016,24,FC Empoli,17,22,-17,14,31
2016,24,US Palermo,18,14,-23,19,42
2016,24,Crotone,19,13,-20,20,40
2016,24,Pescara,20,9,-31,19,50
2016,25,Juventus,1,60,33,49,16
2016,25,AS Roma,2,53,29,50,21
2016,25,SSC Napoli,3,51,31,57,26
2016,25,Inter,4,45,15,39,24
2016,25,Atalanta,5,45,13,39,26
2016,25,Lazio,6,44,14,42,28
2016,25,AC Milan,7,41,6,34,28
2016,25,Fiorentina,8,40,8,41,33
2016,25,Torino,9,35,9,45,36
2016,25,Sampdoria,10,33,-1,29,30
2016,25,Chievo Verona,11,32,-6,25,31
2016,25,Udinese Calcio,12,29,-5,27,32
2016,25,Sassuolo,13,27,-7,33,40
2016,25,Bologna,14,27,-14,23,37
2016,25,Cagliari Calcio,15,27,-18,32,50
2016,25,Genoa,16,25,-8,27,35
2016,25,FC Empoli,17,22,-19,14,33
2016,25,US Palermo,18,14,-25,20,45
2016,25,Crotone,19,13,-22,20,42
2016,25,Pescara,20,9,-33,22,55
2016,26,Juventus,1,63,36,53,17
2016,26,AS Roma,2,56,32,54,22
2016,26,SSC Napoli,3,54,33,60,27
2016,26,Inter,4,48,16,40,24
2016,26,Atalanta,5,48,14,40,26
2016,26,Lazio,6,47,15,44,29
2016,26,AC Milan,7,44,7,36,29
2016,26,Fiorentina,8,40,7,42,35
2016,26,Torino,9,35,6,46,40
2016,26,Sampdoria,10,34,-1,30,31
2016,26,Chievo Verona,11,32,-8,26,34
2016,26,Sassuolo,12,30,-6,35,41
2016,26,Udinese Calcio,13,29,-6,28,34
2016,26,Cagliari Calcio,14,28,-18,33,51
2016,26,Bologna,15,27,-15,23,38
2016,26,Genoa,16,25,-13,27,40
2016,26,FC Empoli,17,22,-20,15,35
2016,26,US Palermo,18,14,-28,21,49
2016,26,Crotone,19,13,-23,20,43
2016,26,Pescara,20,12,-28,27,55
2016,27,Juventus,1,66,38,55,17
2016,27,AS Roma,2,59,34,57,23
2016,27,SSC Napoli,3,54,31,60,29
2016,27,Atalanta,4,51,16,42,26
2016,27,Lazio,5,50,16,45,29
2016,27,Inter,6,48,14,41,27
2016,27,AC Milan,7,47,8,37,29
2016,27,Fiorentina,8,41,7,44,37
2016,27,Torino,9,36,6,48,42
2016,27,Sampdoria,10,35,-1,31,32
2016,27,Chievo Verona,11,35,-6,28,34
2016,27,Cagliari Calcio,12,31,-17,35,52
2016,27,Sassuolo,13,30,-7,35,42
2016,27,Udinese Calcio,14,29,-7,28,35
2016,27,Bologna,15,28,-15,24,39
2016,27,Genoa,16,26,-13,28,41
2016,27,FC Empoli,17,22,-22,15,37
2016,27,US Palermo,18,15,-28,22,50
2016,27,Crotone,19,13,-24,21,45
2016,27,Pescara,20,12,-30,27,57
2016,28,Juventus,1,67,38,56,18
2016,28,AS Roma,2,59,33,58,25
2016,28,SSC Napoli,3,57,32,62,30
2016,28,Lazio,4,53,18,47,29
2016,28,Atalanta,5,52,16,42,26
2016,28,Inter,6,51,18,46,28
2016,28,AC Milan,7,50,10,40,30
2016,28,Fiorentina,8,42,7,44,37
2016,28,Torino,9,39,8,51,43
2016,28,Sampdoria,10,38,1,34,33
2016,28,Chievo Verona,11,35,-8,29,37
2016,28,Sassuolo,12,31,-7,35,42
2016,28,Cagliari Calcio,13,31,-21,36,57
2016,28,Udinese Calcio,14,30,-7,29,36
2016,28,Genoa,15,29,-11,30,41
2016,28,Bologna,16,28,-17,24,41
2016,28,FC Empoli,17,22,-24,15,39
2016,28,US Palermo,18,15,-30,23,53
2016,28,Crotone,19,14,-24,21,45
2016,28,Pescara,20,12,-32,28,60
2016,29,Juventus,1,70,39,58,19
2016,29,AS Roma,2,62,36,61,25
2016,29,SSC Napoli,3,60,35,65,30
2016,29,Lazio,4,56,20,50,30
2016,29,Inter,5,54,24,53,29
2016,29,Atalanta,6,52,10,43,33
2016,29,AC Milan,7,50,9,41,32
2016,29,Fiorentina,8,45,8,45,37
2016,29,Sampdoria,9,41,2,35,33
2016,29,Torino,10,39,6,52,46
2016,29,Chievo Verona,11,38,-4,33,37
2016,29,Udinese Calcio,12,33,-5,32,37
2016,29,Sassuolo,13,31,-8,35,43
2016,29,Bologna,14,31,-16,25,41
2016,29,Cagliari Calcio,15,31,-22,36,58
2016,29,Genoa,16,29,-12,30,42
2016,29,FC Empoli,17,22,-28,15,43
2016,29,US Palermo,18,15,-33,23,56
2016,29,Crotone,19,14,-27,21,48
2016,29,Pescara,20,12,-34,29,63
2016,30,Juventus,1,73,40,59,19
2016,30,AS Roma,2,65,38,64,26
2016,30,SSC Napoli,3,63,36,68,32
2016,30,Lazio,4,57,20,50,30
2016,30,Inter,5,55,24,55,31
2016,30,Atalanta,6,55,13,46,33
2016,30,AC Milan,7,53,10,42,32
2016,30,Fiorentina,8,48,9,46,37
2016,30,Sampdoria,9,41,1,35,34
2016,30,Torino,10,40,6,54,48
2016,30,Chievo Verona,11,38,-7,34,41
2016,30,Udinese Calcio,12,36,-2,36,38
2016,30,Bologna,13,34,-13,29,42
2016,30,Cagliari Calcio,14,32,-22,36,58
2016,30,Sassuolo,15,31,-10,36,46
2016,30,Genoa,16,29,-13,30,43
2016,30,FC Empoli,17,22,-29,17,46
2016,30,US Palermo,18,15,-36,24,60
2016,30,Crotone,19,14,-28,21,49
2016,30,Pescara,20,12,-37,29,66
2016,31,Juventus,1,74,40,60,20
2016,31,AS Roma,2,68,40,66,26
2016,31,SSC Napoli,3,64,36,69,33
2016,31,Lazio,4,60,21,52,31
2016,31,Atalanta,5,58,18,51,33
2016,31,Inter,6,55,23,56,33
2016,31,AC Milan,7,54,10,43,33
2016,31,Fiorentina,8,51,10,47,37
2016,31,Sampdoria,9,44,2,37,35
2016,31,Torino,10,41,6,56,50
2016,31,Chievo Verona,11,38,-8,35,43
2016,31,Udinese Calcio,12,37,-2,38,40
2016,31,Cagliari Calcio,13,35,-20,39,59
2016,31,Bologna,14,34,-14,29,43
2016,31,Sassuolo,15,31,-11,37,48
2016,31,Genoa,16,29,-18,30,48
2016,31,FC Empoli,17,22,-31,17,48
2016,31,Crotone,18,17,-27,23,50
2016,31,US Palermo,19,15,-38,25,63
2016,31,Pescara,20,13,-37,30,67
2016,32,Juventus,1,77,42,62,20
2016,32,AS Roma,2,71,43,69,26
2016,32,SSC Napoli,3,67,39,72,33
2016,32,Lazio,4,60,18,52,34
2016,32,Atalanta,5,59,18,52,34
2016,32,AC Milan,6,57,14,47,33
2016,32,Inter,7,55,22,57,35
2016,32,Fiorentina,8,52,10,49,39
2016,32,Sampdoria,9,45,2,39,37
2016,32,Torino,10,44,7,59,52
2016,32,Udinese Calcio,11,40,1,41,40
2016,32,Chievo Verona,12,38,-10,35,45
2016,32,Cagliari Calcio,13,35,-21,41,62
2016,32,Bologna,14,34,-17,29,46
2016,32,Sassuolo,15,32,-11,38,49
2016,32,Genoa,16,29,-21,30,51
2016,32,FC Empoli,17,23,-31,18,49
2016,32,Crotone,18,20,-26,25,51
2016,32,US Palermo,19,15,-42,25,67
2016,32,Pescara,20,14,-37,31,68
2016,33,Juventus,1,80,44,64,20
2016,33,AS Roma,2,72,43,70,27
2016,33,SSC Napoli,3,70,42,75,33
2016,33,Lazio,4,61,18,54,36
2016,33,Atalanta,5,60,18,53,35
2016,33,AC Milan,6,58,14,49,35
2016,33,Inter,7,56,22,59,37
2016,33,Fiorentina,8,52,9,50,41
2016,33,Torino,9,45,7,60,53
2016,33,Sampdoria,10,45,1,40,39
2016,33,Udinese Calcio,11,40,-2,41,43
2016,33,Chievo Verona,12,38,-14,35,49
2016,33,Cagliari Calcio,13,38,-17,45,62
2016,33,Sassuolo,14,35,-10,40,50
2016,33,Bologna,15,35,-17,29,46
2016,33,Genoa,16,30,-21,32,53
2016,33,FC Empoli,17,26,-30,20,50
2016,33,Crotone,18,21,-26,26,52
2016,33,US Palermo,19,16,-42,25,67
2016,33,Pescara,20,14,-39,31,70
2016,34,Juventus,1,83,48,68,20
2016,34,AS Roma,2,75,46,74,28
2016,34,SSC Napoli,3,71,42,77,35
2016,34,Lazio,4,64,22,60,38
2016,34,Atalanta,5,63,19,56,37
2016,34,AC Milan,6,58,13,50,37
2016,34,Inter,7,56,21,63,42
2016,34,Fiorentina,8,55,10,55,45
2016,34,Torino,9,48,9,63,54
2016,34,Sampdoria,10,45,0,41,41
2016,34,Udinese Calcio,11,43,-1,43,44
2016,34,Chievo Verona,12,38,-16,36,52
2016,34,Cagliari Calcio,13,38,-18,46,64
2016,34,Sassuolo,14,36,-10,42,52
2016,34,Bologna,15,35,-18,31,49
2016,34,Genoa,16,30,-25,32,57
2016,34,FC Empoli,17,29,-29,22,51
2016,34,Crotone,18,24,-25,28,53
2016,34,US Palermo,19,16,-46,27,73
2016,34,Pescara,20,14,-42,32,74
2016,35,Juventus,1,84,48,70,22
2016,35,AS Roma,2,75,44,75,31
2016,35,SSC Napoli,3,74,43,78,35
2016,35,Lazio,4,67,24,63,39
2016,35,Atalanta,5,64,19,58,39
2016,35,AC Milan,6,59,13,51,38
2016,35,Inter,7,56,20,63,43
2016,35,Fiorentina,8,55,8,55,47
2016,35,Torino,9,49,9,64,55
2016,35,Sampdoria,10,46,0,42,42
2016,35,Udinese Calcio,11,43,-5,43,48
2016,35,Chievo Verona,12,41,-15,38,53
2016,35,Cagliari Calcio,13,41,-17,47,64
2016,35,Sassuolo,14,39,-8,45,53
2016,35,Bologna,15,38,-14,35,49
2016,35,Genoa,16,30,-26,33,59
2016,35,FC Empoli,17,29,-31,23,54
2016,35,Crotone,18,25,-25,29,54
2016,35,US Palermo,19,19,-44,29,73
2016,35,Pescara,20,14,-43,32,75
2016,36,Juventus,1,85,48,71,23
2016,36,AS Roma,2,78,47,79,32
2016,36,SSC Napoli,3,77,45,81,36
2016,36,Lazio,4,70,28,70,42
2016,36,Atalanta,5,65,19,59,40
2016,36,AC Milan,6,59,10,52,42
2016,36,Inter,7,56,19,63,44
2016,36,Fiorentina,8,56,8,57,49
2016,36,Torino,9,50,9,65,56
2016,36,Sampdoria,10,46,-4,45,49
2016,36,Udinese Calcio,11,44,-5,44,49
2016,36,Chievo Verona,12,42,-15,39,54
2016,36,Cagliari Calcio,13,41,-19,48,67
2016,36,Sassuolo,14,40,-8,47,55
2016,36,Bologna,15,38,-16,36,52
2016,36,Genoa,16,33,-25,34,59
2016,36,FC Empoli,17,32,-29,26,55
2016,36,Crotone,18,28,-24,30,54
2016,36,US Palermo,19,20,-44,30,74
2016,36,Pescara,20,14,-44,32,76
2016,37,Juventus,1,85,46,72,26
2016,37,AS Roma,2,81,49,82,33
2016,37,SSC Napoli,3,80,50,86,36
2016,37,Lazio,4,70,27,72,45
2016,37,Atalanta,5,66,19,60,41
2016,37,AC Milan,6,60,10,53,43
2016,37,Fiorentina,7,59,9,60,51
2016,37,Inter,8,56,18,64,46
2016,37,Torino,9,50,4,65,61
2016,37,Sampdoria,10,47,-4,46,50
2016,37,Udinese Calcio,11,44,-6,44,50
2016,37,Cagliari Calcio,12,44,-18,51,69
2016,37,Sassuolo,13,43,-7,49,56
2016,37,Chievo Verona,14,43,-15,40,55
2016,37,Bologna,15,41,-14,39,53
2016,37,Genoa,16,33,-26,34,60
2016,37,FC Empoli,17,32,-30,28,58
2016,37,Crotone,18,31,-23,31,54
2016,37,US Palermo,19,23,-43,31,74
2016,37,Pescara,20,14,-46,33,79
2016,38,Juventus,1,88,49,75,26
2016,38,AS Roma,2,84,51,87,36
2016,38,SSC Napoli,3,83,53,90,37
2016,38,Lazio,4,70,25,73,48
2016,38,Atalanta,5,69,20,61,41
2016,38,AC Milan,6,63,13,56,43
2016,38,Inter,7,59,20,67,47
2016,38,Fiorentina,8,59,6,61,55
2016,38,Torino,9,50,3,66,63
2016,38,Sampdoria,10,48,-4,47,51
2016,38,Sassuolo,11,46,-3,55,58
2016,38,Udinese Calcio,12,45,-6,45,51
2016,38,Cagliari Calcio,13,44,-22,53,75
2016,38,Chievo Verona,14,43,-17,43,60
2016,38,Bologna,15,41,-17,39,56
2016,38,Genoa,16,36,-25,36,61
2016,38,FC Empoli,17,32,-31,28,59
2016,38,Crotone,18,31,-26,31,57
2016,38,US Palermo,19,23,-45,31,76
2016,38,Pescara,20,17,-44,35,79
2016,39,Juventus,1,91,50,77,27
2016,39,AS Roma,2,87,52,90,38
2016,39,SSC Napoli,3,86,55,94,39
2016,39,Atalanta,4,72,21,62,41
2016,39,Lazio,5,70,23,74,51
2016,39,AC Milan,6,63,12,57,45
2016,39,Inter,7,62,23,72,49
2016,39,Fiorentina,8,60,6,63,57
2016,39,Torino,9,53,5,71,66
2016,39,Sampdoria,10,48,-6,49,55
2016,39,Cagliari Calcio,11,47,-21,55,76
2016,39,Sassuolo,12,46,-5,58,63
2016,39,Udinese Calcio,13,45,-9,47,56
2016,39,Chievo Verona,14,43,-18,43,61
2016,39,Bologna,15,41,-18,40,58
2016,39,Genoa,16,36,-26,38,64
2016,39,Crotone,17,34,-24,34,58
2016,39,FC Empoli,18,32,-32,29,61
2016,39,US Palermo,19,26,-44,33,77
2016,39,Pescara,20,18,-44,37,81
2017,2,Inter,1,3,3,3,0
2017,2,Juventus,2,3,3,3,0
2017,2,AC Milan,3,3,3,3,0
2017,2,SSC Napoli,4,3,2,3,1
2017,2,Chievo Verona,5,3,1,2,1
2017,2,Sampdoria,6,3,1,2,1
2017,2,AS Roma,7,3,1,1,0
2017,2,Bologna,8,1,0,1,1
2017,2,Torino,9,1,0,1,1
2017,2,Genoa,10,1,0,0,0
2017,2,Lazio,11,1,0,0,0
2017,2,Sassuolo,12,1,0,0,0
2017,2,SPAL,13,1,0,0,0
2017,2,Benevento,14,0,-1,1,2
2017,2,Udinese Calcio,15,0,-1,1,2
2017,2,Hellas Verona,16,0,-2,1,3
2017,2,Atalanta,17,0,-1,0,1
2017,2,Cagliari Calcio,18,0,-3,0,3
2017,2,Crotone,19,0,-3,0,3
2017,2,Fiorentina,20,0,-3,0,3
2017,3,Juventus,1,6,5,7,2
2017,3,Inter,2,6,5,6,1
2017,3,SSC Napoli,3,6,4,6,2
2017,3,AC Milan,4,6,4,5,1
2017,3,Sampdoria,5,6,2,4,2
2017,3,Torino,6,4,3,4,1
2017,3,SPAL,7,4,1,3,2
2017,3,Bologna,8,4,1,2,1
2017,3,Lazio,9,4,1,2,1
2017,3,Chievo Verona,10,3,0,3,3
2017,3,AS Roma,11,3,-1,2,3
2017,3,Genoa,12,1,-2,2,4
2017,3,Hellas Verona,13,1,-2,1,3
2017,3,Crotone,14,1,-3,0,3
2017,3,Sassuolo,15,1,-3,0,3
2017,3,Udinese Calcio,16,0,-2,3,5
2017,3,Benevento,17,0,-2,1,3
2017,3,Atalanta,18,0,-3,1,4
2017,3,Cagliari Calcio,19,0,-4,1,5
2017,3,Fiorentina,20,0,-4,1,5
2017,4,Juventus,1,9,8,10,2
2017,4,SSC Napoli,2,9,7,9,2
2017,4,Inter,3,9,7,8,1
2017,4,Lazio,4,7,4,6,2
2017,4,Torino,5,7,4,5,1
2017,4,Sampdoria,6,7,2,5,3
2017,4,AC Milan,7,6,1,6,5
2017,4,AS Roma,8,4,-1,3,4
2017,4,SPAL,9,4,-1,3,4
2017,4,Bologna,10,4,-2,2,4
2017,4,Fiorentina,11,3,1,6,5
2017,4,Udinese Calcio,12,3,-1,4,5
2017,4,Atalanta,13,3,-2,3,5
2017,4,Chievo Verona,14,3,-3,3,6
2017,4,Cagliari Calcio,15,3,-3,2,5
2017,4,Genoa,16,1,-3,2,5
2017,4,Sassuolo,17,1,-4,1,5
2017,4,Hellas Verona,18,1,-7,1,8
2017,4,Crotone,19,1,-4,0,4
2017,4,Benevento,20,0,-3,1,4
2017,5,SSC Napoli,1,12,13,15,2
2017,5,Juventus,2,12,10,13,3
2017,5,Inter,3,12,9,10,1
2017,5,Lazio,4,10,5,9,4
2017,5,AC Milan,5,9,2,8,6
2017,5,Torino,6,8,4,7,3
2017,5,Sampdoria,7,8,2,7,5
2017,5,AS Roma,8,7,2,6,4
2017,5,Fiorentina,9,6,2,8,6
2017,5,Cagliari Calcio,10,6,-1,4,5
2017,5,Atalanta,11,4,-2,4,6
2017,5,Chievo Verona,12,4,-3,4,7
2017,5,Bologna,13,4,-3,3,6
2017,5,SPAL,14,4,-3,3,6
2017,5,Udinese Calcio,15,3,-2,5,7
2017,5,Genoa,16,1,-4,4,8
2017,5,Sassuolo,17,1,-6,2,8
2017,5,Hellas Verona,18,1,-10,1,11
2017,5,Crotone,19,1,-6,0,6
2017,5,Benevento,20,0,-9,1,10
2017,6,SSC Napoli,1,15,16,19,3
2017,6,Juventus,2,15,11,14,3
2017,6,Inter,3,13,9,11,2
2017,6,AC Milan,4,12,4,10,6
2017,6,Torino,5,11,5,10,5
2017,6,AS Roma,6,10,6,10,4
2017,6,Lazio,7,10,2,10,8
2017,6,Sampdoria,8,9,2,7,5
2017,6,Atalanta,9,7,2,9,7
2017,6,Fiorentina,10,6,1,8,7
2017,6,Cagliari Calcio,11,6,-2,4,6
2017,6,Chievo Verona,12,5,-3,5,8
2017,6,Bologna,13,5,-3,4,7
2017,6,Sassuolo,14,4,-5,3,8
2017,6,SPAL,15,4,-5,3,8
2017,6,Udinese Calcio,16,3,-3,7,10
2017,6,Genoa,17,2,-4,5,9
2017,6,Hellas Verona,18,2,-10,1,11
2017,6,Crotone,19,1,-10,1,11
2017,6,Benevento,20,0,-13,1,14
2017,7,SSC Napoli,1,18,17,22,5
2017,7,Juventus,2,18,15,18,3
2017,7,Inter,3,16,10,12,2
2017,7,AS Roma,4,13,8,13,5
2017,7,Lazio,5,13,5,13,8
2017,7,AC Milan,6,12,2,10,8
2017,7,Sampdoria,7,12,4,9,5
2017,7,Torino,8,11,1,10,9
2017,7,Atalanta,9,8,2,10,8
2017,7,Chievo Verona,10,8,-1,7,8
2017,7,Bologna,11,8,-2,5,7
2017,7,Fiorentina,12,7,1,9,8
2017,7,Cagliari Calcio,13,6,-4,4,8
2017,7,SPAL,14,4,-6,5,11
2017,7,Sassuolo,15,4,-6,3,9
2017,7,Crotone,16,4,-8,3,11
2017,7,Udinese Calcio,17,3,-5,8,13
2017,7,Genoa,18,2,-5,5,10
2017,7,Hellas Verona,19,2,-13,1,14
2017,7,Benevento,20,0,-15,1,16
2017,8,SSC Napoli,1,21,20,25,5
2017,8,Juventus,2,19,15,20,5
2017,8,Inter,3,19,11,14,3
2017,8,Lazio,4,16,10,19,9
2017,8,AS Roma,5,16,10,15,5
2017,8,Torino,6,12,1,12,11
2017,8,AC Milan,7,12,0,10,10
2017,8,Sampdoria,8,12,0,9,9
2017,8,Chievo Verona,9,11,0,9,9
2017,8,Bologna,10,11,-1,6,7
2017,8,Atalanta,11,9,2,12,10
2017,8,Fiorentina,12,7,0,10,10
2017,8,Udinese Calcio,13,6,-1,12,13
2017,8,Cagliari Calcio,14,6,-7,4,11
2017,8,SPAL,15,5,-6,6,12
2017,8,Crotone,16,5,-8,4,12
2017,8,Sassuolo,17,4,-11,4,15
2017,8,Hellas Verona,18,3,-13,3,16
2017,8,Genoa,19,2,-6,5,11
2017,8,Benevento,20,0,-16,2,18
2017,9,SSC Napoli,1,24,21,26,5
2017,9,Inter,2,22,12,17,5
2017,9,Juventus,3,19,14,21,7
2017,9,Lazio,4,19,11,21,10
2017,9,AS Roma,5,16,9,15,6
2017,9,Sampdoria,6,15,2,12,10
2017,9,Bologna,7,14,0,8,8
2017,9,Torino,8,13,1,14,13
2017,9,AC Milan,9,12,-1,12,13
2017,9,Chievo Verona,10,12,0,9,9
2017,9,Fiorentina,11,10,1,12,11
2017,9,Atalanta,12,9,0,13,13
2017,9,Udinese Calcio,13,6,-2,13,15
2017,9,Cagliari Calcio,14,6,-8,6,14
2017,9,Crotone,15,6,-8,6,14
2017,9,Hellas Verona,16,6,-12,4,16
2017,9,Genoa,17,5,-5,8,13
2017,9,SPAL,18,5,-7,7,14
2017,9,Sassuolo,19,5,-11,4,15
2017,9,Benevento,20,0,-17,2,19
2017,10,SSC Napoli,1,25,21,26,5
2017,10,Inter,2,23,12,17,5
2017,10,Juventus,3,22,18,27,9
2017,10,Lazio,4,22,14,24,10
2017,10,AS Roma,5,19,10,16,6
2017,10,Sampdoria,6,18,7,17,10
2017,10,Chievo Verona,7,15,1,12,11
2017,10,Bologna,8,14,-1,8,9
2017,10,Fiorentina,9,13,4,15,11
2017,10,Torino,10,13,0,14,14
2017,10,AC Milan,11,13,-1,12,13
2017,10,Atalanta,12,12,1,14,13
2017,10,Sassuolo,13,8,-10,5,15
2017,10,Udinese Calcio,14,6,-6,15,21
2017,10,Genoa,15,6,-5,8,13
2017,10,Cagliari Calcio,16,6,-11,6,17
2017,10,Crotone,17,6,-13,6,19
2017,10,Hellas Verona,18,6,-13,6,19
2017,10,SPAL,19,5,-8,7,15
2017,10,Benevento,20,0,-20,2,22
2017,11,SSC Napoli,1,28,22,29,7
2017,11,Inter,2,26,13,20,7
2017,11,Juventus,3,25,21,31,10
2017,11,Lazio,4,25,15,26,11
2017,11,AS Roma,5,22,11,17,6
2017,11,Sampdoria,6,18,6,19,13
2017,11,Fiorentina,7,16,7,18,11
2017,11,AC Milan,8,16,2,16,14
2017,11,Atalanta,9,15,4,17,13
2017,11,Chievo Verona,10,15,-2,13,15
2017,11,Bologna,11,14,-2,9,11
2017,11,Torino,12,13,-3,14,17
2017,11,Udinese Calcio,13,9,-5,16,21
2017,11,Cagliari Calcio,14,9,-10,8,18
2017,11,Sassuolo,15,8,-11,5,16
2017,11,Genoa,16,6,-6,10,16
2017,11,Crotone,17,6,-14,6,20
2017,11,Hellas Verona,18,6,-16,6,22
2017,11,SPAL,19,5,-11,8,19
2017,11,Benevento,20,0,-21,3,24
2017,12,SSC Napoli,1,31,24,32,8
2017,12,Inter,2,29,14,22,8
2017,12,Juventus,3,28,23,33,10
2017,12,Lazio,4,28,19,31,12
2017,12,AS Roma,5,25,12,18,6
2017,12,Sampdoria,6,21,9,23,14
2017,12,Fiorentina,7,16,6,19,13
2017,12,AC Milan,8,16,0,16,16
2017,12,Torino,9,16,-2,16,18
2017,12,Atalanta,10,15,3,18,15
2017,12,Chievo Verona,11,15,-5,14,19
2017,12,Bologna,12,14,-3,9,12
2017,12,Udinese Calcio,13,12,-4,18,22
2017,12,Cagliari Calcio,14,9,-11,9,20
2017,12,Crotone,15,9,-13,8,21
2017,12,SPAL,16,8,-10,9,19
2017,12,Sassuolo,17,8,-13,6,19
2017,12,Genoa,18,6,-7,10,17
2017,12,Hellas Verona,19,6,-17,7,24
2017,12,Benevento,20,0,-25,4,29
2017,13,SSC Napoli,1,32,24,32,8
2017,13,Juventus,2,31,24,35,11
2017,13,Lazio,3,31,22,34,12
2017,13,Inter,4,30,14,23,9
2017,13,AS Roma,5,28,14,22,8
2017,13,Sampdoria,6,24,11,25,14
2017,13,AC Milan,7,19,2,18,16
2017,13,Torino,8,17,-2,17,19
2017,13,Fiorentina,9,16,4,21,17
2017,13,Atalanta,10,16,3,19,16
2017,13,Chievo Verona,11,16,-5,14,19
2017,13,Bologna,12,14,-4,11,15
2017,13,Udinese Calcio,13,12,-7,18,25
2017,13,Cagliari Calcio,14,12,-10,11,21
2017,13,Crotone,15,12,-12,11,23
2017,13,SPAL,16,9,-10,10,20
2017,13,Sassuolo,17,8,-15,6,21
2017,13,Genoa,18,6,-9,10,19
2017,13,Hellas Verona,19,6,-18,8,26
2017,13,Benevento,20,0,-26,5,31
2017,14,SSC Napoli,1,35,25,34,9
2017,14,Inter,2,33,16,25,9
2017,14,Juventus,3,31,23,37,14
2017,14,Lazio,4,31,21,35,14
2017,14,AS Roma,5,31,15,24,9
2017,14,Sampdoria,6,27,12,28,16
2017,14,AC Milan,7,19,1,19,18
2017,14,Torino,8,18,-2,18,20
2017,14,Fiorentina,9,17,4,22,18
2017,14,Chievo Verona,10,17,-5,15,20
2017,14,Bologna,11,17,-3,14,17
2017,14,Atalanta,12,16,1,19,18
2017,14,Cagliari Calcio,13,15,-9,12,21
2017,14,Udinese Calcio,14,12,-8,18,26
2017,14,Crotone,15,12,-13,11,24
2017,14,Sassuolo,16,11,-14,8,22
2017,14,SPAL,17,10,-10,11,21
2017,14,Genoa,18,9,-8,11,19
2017,14,Hellas Verona,19,6,-19,10,29
2017,14,Benevento,20,0,-27,6,33
2017,15,SSC Napoli,1,38,26,35,9
2017,15,Inter,2,36,18,28,10
2017,15,Juventus,3,34,26,40,14
2017,15,Lazio,4,32,21,36,15
2017,15,AS Roma,5,32,15,25,10
2017,15,Sampdoria,6,27,9,28,19
2017,15,AC Milan,7,20,1,19,18
2017,15,Bologna,8,20,0,17,17
2017,15,Chievo Verona,9,20,-4,17,21
2017,15,Atalanta,10,19,2,20,18
2017,15,Torino,11,19,-2,18,20
2017,15,Fiorentina,12,18,4,23,19
2017,15,Cagliari Calcio,13,15,-11,13,24
2017,15,Udinese Calcio,14,12,-9,18,27
2017,15,Crotone,15,12,-16,11,27
2017,15,Sassuolo,16,11,-16,8,24
2017,15,Genoa,17,10,-8,12,20
2017,15,SPAL,18,10,-11,12,23
2017,15,Hellas Verona,19,9,-17,12,29
2017,15,Benevento,20,0,-28,6,34
2017,16,Inter,1,39,23,33,10
2017,16,SSC Napoli,2,38,25,35,10
2017,16,Juventus,3,37,27,41,14
2017,16,Lazio,4,35,22,38,16
2017,16,AS Roma,5,35,17,28,11
2017,16,Sampdoria,6,27,8,29,21
2017,16,Fiorentina,7,21,7,26,19
2017,16,AC Milan,8,21,1,21,20
2017,16,Bologna,9,21,0,18,18
2017,16,Atalanta,10,20,2,21,19
2017,16,Torino,11,20,-2,19,21
2017,16,Chievo Verona,12,20,-9,17,26
2017,16,Cagliari Calcio,13,16,-11,14,25
2017,16,Udinese Calcio,14,15,-6,21,27
2017,16,Genoa,15,13,-7,13,20
2017,16,Crotone,16,12,-19,11,30
2017,16,Sassuolo,17,11,-19,8,27
2017,16,SPAL,18,10,-13,13,26
2017,16,Hellas Verona,19,9,-18,12,30
2017,16,Benevento,20,1,-28,8,36
2017,17,Inter,1,40,23,33,10
2017,17,SSC Napoli,2,39,25,35,10
2017,17,Juventus,3,38,27,41,14
2017,17,AS Roma,4,36,17,28,11
2017,17,Lazio,5,35,20,39,19
2017,17,Sampdoria,6,28,8,31,23
2017,17,AC Milan,7,24,2,23,21
2017,17,Atalanta,8,23,3,23,20
2017,17,Torino,9,23,0,22,22
2017,17,Fiorentina,10,22,7,26,19
2017,17,Bologna,11,21,-1,19,20
2017,17,Chievo Verona,12,21,-9,17,26
2017,17,Udinese Calcio,13,18,-4,23,27
2017,17,Cagliari Calcio,14,17,-11,16,27
2017,17,Sassuolo,15,14,-18,10,28
2017,17,Genoa,16,13,-8,14,22
2017,17,Crotone,17,12,-20,12,32
2017,17,SPAL,18,11,-13,15,28
2017,17,Hellas Verona,19,10,-18,14,32
2017,17,Benevento,20,1,-30,8,38
2017,18,SSC Napoli,1,42,27,38,11
2017,18,Juventus,2,41,30,44,14
2017,18,Inter,3,40,21,34,13
2017,18,AS Roma,4,39,18,29,11
2017,18,Lazio,5,36,20,42,22
2017,18,Sampdoria,6,28,7,31,24
2017,18,Atalanta,7,24,3,26,23
2017,18,AC Milan,8,24,-1,23,24
2017,18,Fiorentina,9,23,7,26,19
2017,18,Torino,10,23,-2,23,25
2017,18,Udinese Calcio,11,21,-2,26,28
2017,18,Bologna,12,21,-4,19,23
2017,18,Chievo Verona,13,21,-10,17,27
2017,18,Cagliari Calcio,14,17,-12,16,28
2017,18,Sassuolo,15,17,-17,11,28
2017,18,Crotone,16,15,-19,13,32
2017,18,SPAL,17,14,-12,17,29
2017,18,Genoa,18,14,-8,14,22
2017,18,Hellas Verona,19,13,-15,17,32
2017,18,Benevento,20,1,-31,9,40
2017,19,SSC Napoli,1,45,28,41,13
2017,19,Juventus,2,44,31,45,14
2017,19,Inter,3,40,20,34,14
2017,19,Lazio,4,39,24,46,22
2017,19,AS Roma,5,39,17,29,12
2017,19,Sampdoria,6,28,6,33,27
2017,19,Atalanta,7,27,5,28,23
2017,19,Fiorentina,8,26,8,27,19
2017,19,Udinese Calcio,9,24,2,30,28
2017,19,Torino,10,24,-2,25,27
2017,19,AC Milan,11,24,-3,23,26
2017,19,Bologna,12,24,-3,22,25
2017,19,Chievo Verona,13,21,-11,19,30
2017,19,Sassuolo,14,20,-16,12,28
2017,19,Cagliari Calcio,15,17,-13,16,29
2017,19,Genoa,16,17,-7,15,22
2017,19,SPAL,17,15,-12,19,31
2017,19,Crotone,18,15,-23,13,36
2017,19,Hellas Verona,19,13,-19,17,36
2017,19,Benevento,20,1,-32,9,41
2017,20,SSC Napoli,1,48,29,42,13
2017,20,Juventus,2,47,33,48,15
2017,20,Inter,3,41,20,34,14
2017,20,Lazio,4,40,24,46,22
2017,20,AS Roma,5,40,17,30,13
2017,20,Sampdoria,6,31,8,35,27
2017,20,Udinese Calcio,7,27,3,32,29
2017,20,Atalanta,8,27,4,29,25
2017,20,Fiorentina,9,27,8,28,20
2017,20,Torino,10,25,-2,25,27
2017,20,AC Milan,11,25,-3,24,27
2017,20,Bologna,12,24,-4,23,27
2017,20,Chievo Verona,13,21,-12,19,31
2017,20,Sassuolo,14,21,-16,13,29
2017,20,Cagliari Calcio,15,20,-12,18,30
2017,20,Genoa,16,18,-7,15,22
2017,20,SPAL,17,15,-14,19,33
2017,20,Crotone,18,15,-24,13,37
2017,20,Hellas Verona,19,13,-21,18,39
2017,20,Benevento,20,4,-31,10,41
2017,21,SSC Napoli,1,51,31,44,13
2017,21,Juventus,2,50,34,49,15
2017,21,Lazio,3,43,27,51,24
2017,21,Inter,4,42,20,35,15
2017,21,AS Roma,5,40,16,31,15
2017,21,Sampdoria,6,31,7,37,30
2017,21,Atalanta,7,30,5,31,26
2017,21,Udinese Calcio,8,28,3,33,30
2017,21,Fiorentina,9,28,8,29,21
2017,21,Torino,10,28,1,28,27
2017,21,AC Milan,11,28,-2,25,27
2017,21,Bologna,12,24,-7,23,30
2017,21,Chievo Verona,13,22,-12,20,32
2017,21,Genoa,14,21,-6,16,22
2017,21,Sassuolo,15,21,-17,13,30
2017,21,Cagliari Calcio,16,20,-13,18,31
2017,21,SPAL,17,15,-17,21,38
2017,21,Crotone,18,15,-25,13,38
2017,21,Hellas Verona,19,13,-23,18,41
2017,21,Benevento,20,7,-30,13,43
2017,22,SSC Napoli,1,54,32,45,13
2017,22,Juventus,2,53,35,50,15
2017,22,Lazio,3,46,31,56,25
2017,22,Inter,4,43,20,36,16
2017,22,AS Roma,5,41,16,32,16
2017,22,Sampdoria,6,34,9,40,31
2017,22,AC Milan,7,31,-1,27,28
2017,22,Atalanta,8,30,4,31,27
2017,22,Udinese Calcio,9,29,3,34,31
2017,22,Torino,10,29,1,29,28
2017,22,Fiorentina,11,28,6,30,24
2017,22,Bologna,12,27,-4,26,30
2017,22,Chievo Verona,13,22,-16,21,37
2017,22,Sassuolo,14,22,-17,14,31
2017,22,Genoa,15,21,-7,16,23
2017,22,Cagliari Calcio,16,20,-14,19,33
2017,22,Crotone,17,18,-22,16,38
2017,22,SPAL,18,16,-17,22,39
2017,22,Hellas Verona,19,13,-26,18,44
2017,22,Benevento,20,7,-33,13,46
2017,23,SSC Napoli,1,57,34,48,14
2017,23,Juventus,2,56,37,52,15
2017,23,Lazio,3,46,30,57,27
2017,23,Inter,4,44,20,37,17
2017,23,AS Roma,5,41,15,32,17
2017,23,Sampdoria,6,37,10,41,31
2017,23,AC Milan,7,34,0,29,29
2017,23,Atalanta,8,33,7,34,27
2017,23,Udinese Calcio,9,32,4,35,31
2017,23,Torino,10,32,4,32,28
2017,23,Fiorentina,11,28,3,31,28
2017,23,Bologna,12,27,-6,27,33
2017,23,Chievo Verona,13,22,-18,21,39
2017,23,Sassuolo,14,22,-20,14,34
2017,23,Cagliari Calcio,15,21,-14,20,34
2017,23,Genoa,16,21,-8,16,24
2017,23,Crotone,17,19,-22,17,39
2017,23,SPAL,18,17,-17,23,40
2017,23,Hellas Verona,19,16,-23,22,45
2017,23,Benevento,20,7,-36,13,49
2017,24,SSC Napoli,1,60,36,50,14
2017,24,Juventus,2,59,44,59,15
2017,24,Lazio,3,46,29,58,29
2017,24,Inter,4,45,20,38,18
2017,24,AS Roma,5,44,16,33,17
2017,24,Sampdoria,6,38,10,42,32
2017,24,Atalanta,7,36,8,35,27
2017,24,AC Milan,8,35,0,30,30
2017,24,Udinese Calcio,9,33,4,36,32
2017,24,Torino,10,33,4,33,29
2017,24,Fiorentina,11,31,4,33,29
2017,24,Bologna,12,27,-7,28,35
2017,24,Cagliari Calcio,13,24,-12,22,34
2017,24,Genoa,14,24,-7,18,25
2017,24,Chievo Verona,15,22,-19,21,40
2017,24,Sassuolo,16,22,-27,14,41
2017,24,Crotone,17,20,-22,18,40
2017,24,SPAL,18,17,-19,23,42
2017,24,Hellas Verona,19,16,-24,22,46
2017,24,Benevento,20,7,-38,13,51
2017,25,SSC Napoli,1,63,39,54,15
2017,25,Juventus,2,62,46,61,15
2017,25,Inter,3,48,21,40,19
2017,25,AS Roma,4,47,19,38,19
2017,25,Lazio,5,46,26,59,33
2017,25,Sampdoria,6,41,12,44,32
2017,25,AC Milan,7,38,4,34,30
2017,25,Atalanta,8,37,8,36,28
2017,25,Torino,9,36,6,35,29
2017,25,Udinese Calcio,10,33,2,36,34
2017,25,Fiorentina,11,31,2,33,31
2017,25,Bologna,12,27,-8,29,37
2017,25,Genoa,13,27,-6,19,25
2017,25,Cagliari Calcio,14,25,-12,22,34
2017,25,Sassuolo,15,23,-27,14,41
2017,25,Chievo Verona,16,22,-20,21,41
2017,25,Crotone,17,21,-22,19,41
2017,25,SPAL,18,17,-23,23,46
2017,25,Hellas Verona,19,16,-26,22,48
2017,25,Benevento,20,7,-41,15,56
2017,26,SSC Napoli,1,66,40,55,15
2017,26,Juventus,2,65,47,62,15
2017,26,AS Roma,3,50,21,40,19
2017,26,Lazio,4,49,28,61,33
2017,26,Inter,5,48,19,40,21
2017,26,Sampdoria,6,41,11,44,33
2017,26,AC Milan,7,41,5,35,30
2017,26,Atalanta,8,38,8,37,29
2017,26,Torino,9,36,5,35,30
2017,26,Udinese Calcio,10,33,0,36,36
2017,26,Fiorentina,11,32,2,34,32
2017,26,Bologna,12,30,-7,31,38
2017,26,Genoa,13,30,-4,21,25
2017,26,Cagliari Calcio,14,25,-13,23,36
2017,26,Chievo Verona,15,25,-19,23,42
2017,26,Sassuolo,16,23,-28,15,43
2017,26,Crotone,17,21,-23,21,44
2017,26,SPAL,18,17,-24,23,47
2017,26,Hellas Verona,19,16,-28,22,50
2017,26,Benevento,20,10,-40,18,58
2017,27,SSC Napoli,1,69,45,60,15
2017,27,Juventus,2,68,49,64,15
2017,27,Lazio,3,52,31,64,33
2017,27,Inter,4,51,21,42,21
2017,27,AS Roma,5,50,19,40,21
2017,27,Sampdoria,6,44,12,46,34
2017,27,AC Milan,7,44,7,37,30
2017,27,Atalanta,8,38,6,37,31
2017,27,Torino,9,36,4,36,32
2017,27,Fiorentina,10,35,3,35,32
2017,27,Udinese Calcio,11,33,-1,37,38
2017,27,Bologna,12,33,-5,33,38
2017,27,Genoa,13,30,-6,21,27
2017,27,Cagliari Calcio,14,25,-18,23,41
2017,27,Chievo Verona,15,25,-20,23,43
2017,27,Sassuolo,16,23,-31,15,46
2017,27,Crotone,17,21,-24,23,47
2017,27,SPAL,18,20,-23,26,49
2017,27,Hellas Verona,19,19,-27,24,51
2017,27,Benevento,20,10,-42,18,60
2017,28,Juventus,1,71,50,65,15
2017,28,SSC Napoli,2,69,43,62,19
2017,28,AS Roma,3,53,21,44,23
2017,28,Lazio,4,52,30,64,34
2017,28,Inter,5,52,21,42,21
2017,28,Sampdoria,6,47,13,48,35
2017,28,AC Milan,7,45,7,37,30
2017,28,Torino,8,39,7,40,33
2017,28,Atalanta,9,38,5,38,33
2017,28,Fiorentina,10,38,5,37,32
2017,28,Udinese Calcio,11,33,-3,37,40
2017,28,Bologna,12,33,-6,33,39
2017,28,Genoa,13,33,-5,23,28
2017,28,Chievo Verona,14,26,-20,24,44
2017,28,Cagliari Calcio,15,25,-19,24,43
2017,28,Sassuolo,16,24,-31,16,47
2017,28,SPAL,17,23,-22,27,49
2017,28,Crotone,18,21,-27,24,51
2017,28,Hellas Verona,19,19,-30,24,54
2017,28,Benevento,20,13,-39,21,60
2017,29,Juventus,1,74,52,67,15
2017,29,SSC Napoli,2,70,43,62,19
2017,29,AS Roma,3,56,24,47,23
2017,29,Lazio,4,53,30,66,36
2017,29,Inter,5,53,21,42,21
2017,29,AC Milan,6,48,8,38,30
2017,29,Sampdoria,7,47,10,49,39
2017,29,Atalanta,8,41,6,39,33
2017,29,Fiorentina,9,41,6,38,32
2017,29,Torino,10,39,4,40,36
2017,29,Udinese Calcio,11,33,-5,37,42
2017,29,Bologna,12,33,-7,33,40
2017,29,Genoa,13,33,-6,23,29
2017,29,Cagliari Calcio,14,26,-19,26,45
2017,29,Chievo Verona,15,26,-21,24,45
2017,29,Sassuolo,16,25,-31,17,48
2017,29,SPAL,17,24,-22,28,50
2017,29,Crotone,18,24,-24,28,52
2017,29,Hellas Verona,19,22,-29,25,54
2017,29,Benevento,20,13,-40,21,61
2017,30,Juventus,1,75,52,67,15
2017,30,SSC Napoli,2,73,44,63,19
2017,30,AS Roma,3,59,26,49,23
2017,30,Inter,4,56,26,47,21
2017,30,Lazio,5,54,30,67,37
2017,30,AC Milan,6,51,9,41,32
2017,30,Sampdoria,7,47,5,49,44
2017,30,Atalanta,8,44,11,44,33
2017,30,Fiorentina,9,44,7,40,33
2017,30,Torino,10,39,3,41,38
2017,30,Bologna,11,34,-7,34,41
2017,30,Udinese Calcio,12,33,-6,38,44
2017,30,Genoa,13,33,-7,23,30
2017,30,Cagliari Calcio,14,29,-18,28,46
2017,30,Sassuolo,15,28,-30,19,49
2017,30,Chievo Verona,16,26,-22,26,48
2017,30,SPAL,17,25,-22,28,50
2017,30,Crotone,18,24,-26,28,54
2017,30,Hellas Verona,19,22,-34,25,59
2017,30,Benevento,20,13,-41,22,63
2017,31,Juventus,1,78,54,70,16
2017,31,SSC Napoli,2,74,44,64,20
2017,31,AS Roma,3,60,26,50,24
2017,31,Inter,4,59,29,50,21
2017,31,Lazio,5,57,34,73,39
2017,31,AC Milan,6,51,7,42,35
2017,31,Sampdoria,7,47,4,50,46
2017,31,Atalanta,8,47,13,46,33
2017,31,Fiorentina,9,47,9,42,33
2017,31,Torino,10,42,7,45,38
2017,31,Bologna,11,35,-7,35,42
2017,31,Genoa,12,34,-7,24,31
2017,31,Udinese Calcio,13,33,-8,38,46
2017,31,Chievo Verona,14,29,-21,28,49
2017,31,Cagliari Calcio,15,29,-22,28,50
2017,31,Sassuolo,16,29,-30,20,50
2017,31,SPAL,17,26,-22,29,51
2017,31,Crotone,18,24,-28,28,56
2017,31,Hellas Verona,19,22,-37,25,62
2017,31,Benevento,20,13,-45,24,69
2017,32,Juventus,1,81,56,74,18
2017,32,SSC Napoli,2,77,45,66,21
2017,32,Lazio,3,60,35,75,40
2017,32,AS Roma,4,60,24,50,26
2017,32,Inter,5,59,28,50,22
2017,32,AC Milan,6,52,7,43,36
2017,32,Fiorentina,7,50,11,44,33
2017,32,Sampdoria,8,48,4,50,46
2017,32,Atalanta,9,48,13,47,34
2017,32,Torino,10,45,8,46,38
2017,32,Bologna,11,35,-8,35,43
2017,32,Genoa,12,35,-7,24,31
2017,32,Udinese Calcio,13,33,-9,39,48
2017,32,Sassuolo,14,30,-30,21,51
2017,32,Chievo Verona,15,29,-22,29,51
2017,32,Cagliari Calcio,16,29,-23,28,51
2017,32,SPAL,17,27,-22,30,52
2017,32,Crotone,18,27,-27,29,56
2017,32,Hellas Verona,19,25,-36,26,62
2017,32,Benevento,20,13,-47,26,73
2017,33,Juventus,1,84,59,77,18
2017,33,SSC Napoli,2,78,45,66,21
2017,33,Lazio,3,61,35,75,40
2017,33,AS Roma,4,61,24,50,26
2017,33,Inter,5,60,28,50,22
2017,33,AC Milan,6,53,7,43,36
2017,33,Fiorentina,7,51,11,44,33
2017,33,Atalanta,8,49,13,47,34
2017,33,Sampdoria,9,48,1,50,49
2017,33,Torino,10,46,8,46,38
2017,33,Bologna,11,38,-6,37,43
2017,33,Genoa,12,38,-6,25,31
2017,33,Udinese Calcio,13,33,-10,40,50
2017,33,Cagliari Calcio,14,32,-22,30,52
2017,33,Sassuolo,15,31,-30,23,53
2017,33,Chievo Verona,16,30,-22,29,51
2017,33,SPAL,17,28,-22,30,52
2017,33,Crotone,18,27,-28,29,57
2017,33,Hellas Verona,19,25,-38,26,64
2017,33,Benevento,20,14,-47,28,75
2017,34,Juventus,1,85,59,78,19
2017,34,SSC Napoli,2,81,47,70,23
2017,34,Lazio,3,64,36,79,43
2017,34,AS Roma,4,64,25,52,27
2017,34,Inter,5,63,32,54,22
2017,34,AC Milan,6,54,7,44,37
2017,34,Atalanta,7,52,16,50,34
2017,34,Sampdoria,8,51,2,51,49
2017,34,Fiorentina,9,51,10,47,37
2017,34,Torino,10,47,8,47,39
2017,34,Bologna,11,38,-7,37,44
2017,34,Genoa,12,38,-7,26,33
2017,34,Sassuolo,13,34,-29,24,53
2017,34,Udinese Calcio,14,33,-12,42,54
2017,34,Cagliari Calcio,15,32,-26,30,56
2017,34,Chievo Verona,16,31,-22,29,51
2017,34,SPAL,17,29,-22,30,52
2017,34,Crotone,18,28,-28,30,58
2017,34,Hellas Verona,19,25,-39,26,65
2017,34,Benevento,20,14,-50,28,78
2017,35,Juventus,1,85,58,78,20
2017,35,SSC Napoli,2,84,48,71,23
2017,35,Lazio,3,67,40,83,43
2017,35,AS Roma,4,67,28,55,27
2017,35,Inter,5,66,33,56,23
2017,35,Atalanta,6,55,17,52,35
2017,35,AC Milan,7,54,6,44,38
2017,35,Sampdoria,8,51,-2,51,53
2017,35,Fiorentina,9,51,9,47,38
2017,35,Torino,10,47,7,48,41
2017,35,Genoa,11,41,-5,29,34
2017,35,Bologna,12,39,-7,37,44
2017,35,Sassuolo,13,37,-28,25,53
2017,35,Udinese Calcio,14,33,-13,43,56
2017,35,Cagliari Calcio,15,33,-26,30,56
2017,35,Crotone,16,31,-27,32,59
2017,35,Chievo Verona,17,31,-23,30,53
2017,35,SPAL,18,29,-25,30,55
2017,35,Hellas Verona,19,25,-41,27,68
2017,35,Benevento,20,17,-49,29,78
2017,36,Juventus,1,88,59,81,22
2017,36,SSC Napoli,2,84,45,71,26
2017,36,Lazio,3,70,41,84,43
2017,36,AS Roma,4,70,31,59,28
2017,36,Inter,5,66,32,58,26
2017,36,Atalanta,6,58,19,55,36
2017,36,AC Milan,7,57,7,46,39
2017,36,Sampdoria,8,54,1,55,54
2017,36,Fiorentina,9,54,12,50,38
2017,36,Torino,10,47,6,48,42
2017,36,Genoa,11,41,-7,30,37
2017,36,Bologna,12,39,-8,38,46
2017,36,Sassuolo,13,37,-31,26,57
2017,36,Udinese Calcio,14,34,-13,46,59
2017,36,Crotone,15,34,-24,36,60
2017,36,Cagliari Calcio,16,33,-29,31,60
2017,36,SPAL,17,32,-23,33,56
2017,36,Chievo Verona,18,31,-26,31,57
2017,36,Hellas Verona,19,25,-43,28,71
2017,36,Benevento,20,18,-49,32,81
2017,37,Juventus,1,91,61,84,23
2017,37,SSC Napoli,2,85,45,73,28
2017,37,AS Roma,3,73,32,60,28
2017,37,Lazio,4,71,41,85,44
2017,37,Inter,5,69,36,62,26
2017,37,AC Milan,6,60,10,50,40
2017,37,Atalanta,7,59,19,56,37
2017,37,Fiorentina,8,57,13,53,40
2017,37,Sampdoria,9,54,0,55,55
2017,37,Torino,10,48,6,50,44
2017,37,Genoa,11,41,-8,32,40
2017,37,Sassuolo,12,40,-30,27,57
2017,37,Bologna,13,39,-10,39,49
2017,37,SPAL,14,35,-21,35,56
2017,37,Udinese Calcio,15,34,-17,46,63
2017,37,Crotone,16,34,-25,37,62
2017,37,Chievo Verona,17,34,-25,33,58
2017,37,Cagliari Calcio,18,33,-30,31,61
2017,37,Hellas Verona,19,25,-46,29,75
2017,37,Benevento,20,18,-51,32,83
2017,38,Juventus,1,92,61,84,23
2017,38,SSC Napoli,2,88,47,75,28
2017,38,AS Roma,3,74,32,60,28
2017,38,Lazio,4,72,41,87,46
2017,38,Inter,5,69,35,63,28
2017,38,AC Milan,6,61,10,51,41
2017,38,Atalanta,7,60,19,57,38
2017,38,Fiorentina,8,57,12,53,41
2017,38,Sampdoria,9,54,-2,55,57
2017,38,Torino,10,51,7,52,45
2017,38,Sassuolo,11,43,-29,29,58
2017,38,Genoa,12,41,-9,32,41
2017,38,Bologna,13,39,-11,40,51
2017,38,Udinese Calcio,14,37,-16,47,63
2017,38,Chievo Verona,15,37,-24,35,59
2017,38,Cagliari Calcio,16,36,-29,32,61
2017,38,Crotone,17,35,-25,39,64
2017,38,SPAL,18,35,-22,36,58
2017,38,Hellas Verona,19,25,-47,29,76
2017,38,Benevento,20,21,-50,33,83
2017,39,Juventus,1,95,62,86,24
2017,39,SSC Napoli,2,91,48,77,29
2017,39,AS Roma,3,77,33,61,28
2017,39,Lazio,4,72,40,89,49
2017,39,Inter,5,72,36,66,30
2017,39,AC Milan,6,64,14,56,42
2017,39,Atalanta,7,60,18,57,39
2017,39,Fiorentina,8,57,8,54,46
2017,39,Sampdoria,9,54,-4,56,60
2017,39,Torino,10,54,8,54,46
2017,39,Sassuolo,11,43,-30,29,59
2017,39,Genoa,12,41,-10,33,43
2017,39,Udinese Calcio,13,40,-15,48,63
2017,39,Chievo Verona,14,40,-23,36,59
2017,39,Bologna,15,39,-12,40,52
2017,39,Cagliari Calcio,16,39,-28,33,61
2017,39,SPAL,17,38,-20,39,59
2017,39,Crotone,18,35,-26,40,66
2017,39,Hellas Verona,19,25,-48,30,78
2017,39,Benevento,20,21,-51,33,84
2018,2,Atalanta,1,3,4,4,0
2018,2,FC Empoli,2,3,2,2,0
2018,2,Juventus,3,3,1,3,2
2018,2,AC Milan,4,3,1,2,1
2018,2,SSC Napoli,5,3,1,2,1
2018,2,AS Roma,6,3,1,1,0
2018,2,Sassuolo,7,3,1,1,0
2018,2,SPAL,8,3,1,1,0
2018,2,Parma,9,1,0,2,2
2018,2,Udinese Calcio,10,1,0,2,2
2018,2,Fiorentina,11,1,0,1,1
2018,2,Sampdoria,12,1,0,1,1
2018,2,Genoa,13,0,-1,1,2
2018,2,Lazio,14,0,-1,1,2
2018,2,Bologna,15,0,-1,0,1
2018,2,Inter,16,0,-1,0,1
2018,2,Torino,17,0,-1,0,1
2018,2,Cagliari Calcio,18,0,-2,0,2
2018,2,Frosinone,19,0,-4,0,4
2018,2,Chievo Verona,20,-3,-1,2,3
2018,3,Juventus,1,6,3,5,2
2018,3,SSC Napoli,2,6,2,5,3
2018,3,SPAL,3,6,2,2,0
2018,3,Fiorentina,4,4,5,7,2
2018,3,Atalanta,5,4,4,7,3
2018,3,AS Roma,6,4,1,4,3
2018,3,Sassuolo,7,4,1,3,2
2018,3,Udinese Calcio,8,4,1,3,2
2018,3,FC Empoli,9,3,1,3,2
2018,3,AC Milan,10,3,0,4,4
2018,3,Genoa,11,3,0,3,3
2018,3,Inter,12,1,-1,2,3
2018,3,Parma,13,1,-1,2,3
2018,3,Torino,14,1,-1,2,3
2018,3,Sampdoria,15,1,-1,1,2
2018,3,Bologna,16,1,-1,0,1
2018,3,Cagliari Calcio,17,1,-2,2,4
2018,3,Frosinone,18,1,-4,0,4
2018,3,Lazio,19,0,-3,1,4
2018,3,Chievo Verona,20,-3,-6,3,9
2018,4,Juventus,1,9,4,7,3
2018,4,Fiorentina,2,7,6,8,2
2018,4,Sassuolo,3,7,3,8,5
2018,4,AC Milan,4,6,1,6,5
2018,4,SPAL,5,6,1,2,1
2018,4,SSC Napoli,6,6,-1,5,6
2018,4,Atalanta,7,4,3,7,4
2018,4,Inter,8,4,2,5,3
2018,4,Sampdoria,9,4,2,4,2
2018,4,FC Empoli,10,4,1,3,2
2018,4,AS Roma,11,4,0,5,5
2018,4,Torino,12,4,0,3,3
2018,4,Udinese Calcio,13,4,0,3,3
2018,4,Cagliari Calcio,14,4,-1,3,4
2018,4,Genoa,15,3,-2,6,8
2018,4,Lazio,16,3,-2,2,4
2018,4,Parma,17,1,-2,3,5
2018,4,Bologna,18,1,-4,0,4
2018,4,Frosinone,19,1,-5,0,5
2018,4,Chievo Verona,20,-2,-6,3,9
2018,5,Juventus,1,12,5,9,4
2018,5,SPAL,2,9,3,4,1
2018,5,SSC Napoli,3,9,0,6,6
2018,5,Sampdoria,4,7,7,9,2
2018,5,Fiorentina,5,7,5,8,3
2018,5,Sassuolo,6,7,2,9,7
2018,5,AC Milan,7,7,1,7,6
2018,5,Genoa,8,6,-1,7,8
2018,5,Lazio,9,6,-1,3,4
2018,5,AS Roma,10,5,0,7,7
2018,5,Torino,11,5,0,4,4
2018,5,Udinese Calcio,12,5,0,4,4
2018,5,Cagliari Calcio,13,5,-1,4,5
2018,5,Atalanta,14,4,1,7,6
2018,5,Inter,15,4,1,5,4
2018,5,FC Empoli,16,4,0,3,3
2018,5,Parma,17,4,-1,4,5
2018,5,Bologna,18,1,-5,0,5
2018,5,Frosinone,19,1,-10,0,10
2018,5,Chievo Verona,20,-1,-6,5,11
2018,6,Juventus,1,15,7,11,4
2018,6,SSC Napoli,2,12,2,9,7
2018,6,Fiorentina,3,10,8,11,3
2018,6,Sassuolo,4,10,4,12,8
2018,6,Lazio,5,9,2,7,5
2018,6,SPAL,6,9,0,4,4
2018,6,Udinese Calcio,7,8,2,6,4
2018,6,AC Milan,8,8,1,9,8
2018,6,Sampdoria,9,7,6,9,3
2018,6,Inter,10,7,2,6,4
2018,6,Parma,11,7,1,6,5
2018,6,Genoa,12,6,-4,8,12
2018,6,Atalanta,13,5,1,9,8
2018,6,AS Roma,14,5,-2,7,9
2018,6,Torino,15,5,-2,5,7
2018,6,Cagliari Calcio,16,5,-3,4,7
2018,6,FC Empoli,17,4,-2,4,6
2018,6,Bologna,18,4,-3,2,5
2018,6,Frosinone,19,1,-12,0,12
2018,6,Chievo Verona,20,-1,-8,5,13
2018,7,Juventus,1,18,9,13,4
2018,7,SSC Napoli,2,15,5,12,7
2018,7,Sassuolo,3,13,6,14,8
2018,7,Lazio,4,12,3,9,6
2018,7,Fiorentina,5,10,7,12,5
2018,7,Inter,6,10,3,8,5
2018,7,AC Milan,7,9,1,10,9
2018,7,Genoa,8,9,-2,10,12
2018,7,SPAL,9,9,-2,4,6
2018,7,Sampdoria,10,8,6,9,3
2018,7,AS Roma,11,8,2,11,9
2018,7,Udinese Calcio,12,8,1,7,6
2018,7,Parma,13,7,-2,6,8
2018,7,Atalanta,14,6,1,9,8
2018,7,Torino,15,6,-2,5,7
2018,7,Cagliari Calcio,16,6,-3,4,7
2018,7,FC Empoli,17,5,-2,5,7
2018,7,Bologna,18,4,-5,2,7
2018,7,Frosinone,19,1,-16,0,16
2018,7,Chievo Verona,20,-1,-10,5,15
2018,8,Juventus,1,21,11,16,5
2018,8,SSC Napoli,2,15,3,13,10
2018,8,Fiorentina,3,13,9,14,5
2018,8,Inter,4,13,5,10,5
2018,8,Sassuolo,5,13,3,15,12
2018,8,AC Milan,6,12,4,14,10
2018,8,Lazio,7,12,1,10,9
2018,8,Genoa,8,12,-1,12,13
2018,8,Sampdoria,9,11,7,11,4
2018,8,AS Roma,10,11,4,14,10
2018,8,Parma,11,10,-1,7,8
2018,8,Torino,12,9,-1,6,7
2018,8,SPAL,13,9,-3,5,8
2018,8,Udinese Calcio,14,8,0,8,8
2018,8,Bologna,15,7,-4,4,8
2018,8,Atalanta,16,6,-1,9,10
2018,8,Cagliari Calcio,17,6,-5,4,9
2018,8,FC Empoli,18,5,-3,5,8
2018,8,Frosinone,19,1,-17,1,18
2018,8,Chievo Verona,20,-1,-11,5,16
2018,9,Juventus,1,24,13,18,5
2018,9,SSC Napoli,2,18,5,15,10
2018,9,Inter,3,16,6,12,6
2018,9,AC Milan,4,15,6,17,11
2018,9,Lazio,5,15,2,11,9
2018,9,Sampdoria,6,14,8,12,4
2018,9,AS Roma,7,14,6,16,10
2018,9,Fiorentina,8,13,8,14,6
2018,9,Sassuolo,9,13,1,15,14
2018,9,Parma,10,13,1,10,9
2018,9,Torino,11,12,0,9,9
2018,9,Genoa,12,12,-3,13,16
2018,9,Cagliari Calcio,13,9,-3,6,9
2018,9,SPAL,14,9,-4,6,10
2018,9,Udinese Calcio,15,8,-2,8,10
2018,9,Bologna,16,7,-6,4,10
2018,9,Atalanta,17,6,-2,9,11
2018,9,FC Empoli,18,5,-5,5,10
2018,9,Frosinone,19,1,-18,3,21
2018,9,Chievo Verona,20,-1,-13,6,19
2018,10,Juventus,1,25,13,19,6
2018,10,SSC Napoli,2,21,8,18,10
2018,10,Inter,3,19,7,13,6
2018,10,Lazio,4,18,4,13,9
2018,10,Sampdoria,5,15,8,12,4
2018,10,AC Milan,6,15,5,17,12
2018,10,Fiorentina,7,14,8,15,7
2018,10,AS Roma,8,14,4,16,12
2018,10,Sassuolo,9,14,1,15,14
2018,10,Torino,10,13,0,11,11
2018,10,Parma,11,13,-1,10,11
2018,10,Genoa,12,13,-3,14,17
2018,10,SPAL,13,12,-2,8,10
2018,10,Cagliari Calcio,14,10,-3,7,10
2018,10,Atalanta,15,9,2,14,12
2018,10,Udinese Calcio,16,8,-5,8,13
2018,10,Bologna,17,8,-6,6,12
2018,10,FC Empoli,18,6,-5,8,13
2018,10,Frosinone,19,2,-18,6,24
2018,10,Chievo Verona,20,-1,-17,7,24
2018,11,Juventus,1,28,14,21,7
2018,11,Inter,2,22,10,16,6
2018,11,SSC Napoli,3,22,8,19,11
2018,11,AC Milan,4,18,6,20,14
2018,11,Lazio,5,18,1,13,12
2018,11,Fiorentina,6,15,8,16,8
2018,11,Sampdoria,7,15,7,14,7
2018,11,AS Roma,8,15,4,17,13
2018,11,Sassuolo,9,15,1,17,16
2018,11,Torino,10,14,0,12,12
2018,11,Genoa,11,14,-3,16,19
2018,11,Cagliari Calcio,12,13,-2,9,11
2018,11,Parma,13,13,-4,10,14
2018,11,Atalanta,14,12,5,17,12
2018,11,SPAL,15,12,-5,8,13
2018,11,Udinese Calcio,16,9,-5,10,15
2018,11,Bologna,17,9,-6,8,14
2018,11,FC Empoli,18,6,-6,9,15
2018,11,Frosinone,19,5,-15,9,24
2018,11,Chievo Verona,20,-1,-18,8,26
2018,12,Juventus,1,31,16,24,8
2018,12,Inter,2,25,15,21,6
2018,12,SSC Napoli,3,25,12,24,12
2018,12,AC Milan,4,21,7,21,14
2018,12,Lazio,5,21,4,17,13
2018,12,Sassuolo,6,18,3,19,16
2018,12,Torino,7,17,3,16,13
2018,12,Fiorentina,8,16,8,17,9
2018,12,AS Roma,9,16,4,18,14
2018,12,Atalanta,10,15,6,19,13
2018,12,Sampdoria,11,15,4,15,11
2018,12,Parma,12,14,-4,10,14
2018,12,Genoa,13,14,-8,16,24
2018,12,Cagliari Calcio,14,13,-4,10,14
2018,12,SPAL,15,12,-8,9,17
2018,12,Udinese Calcio,16,9,-6,10,16
2018,12,Bologna,17,9,-7,9,16
2018,12,FC Empoli,18,6,-10,10,20
2018,12,Frosinone,19,6,-15,9,24
2018,12,Chievo Verona,20,-1,-20,8,28
2018,13,Juventus,1,34,18,26,8
2018,13,SSC Napoli,2,28,13,26,13
2018,13,Inter,3,25,12,22,10
2018,13,Lazio,4,22,4,18,14
2018,13,AC Milan,5,21,5,21,16
2018,13,AS Roma,6,19,7,22,15
2018,13,Sassuolo,7,19,3,20,17
2018,13,Atalanta,8,18,9,23,14
2018,13,Fiorentina,9,17,8,18,10
2018,13,Torino,10,17,2,17,15
2018,13,Parma,11,17,-3,12,15
2018,13,Sampdoria,12,15,1,16,15
2018,13,Cagliari Calcio,13,14,-4,12,16
2018,13,Genoa,14,14,-9,17,26
2018,13,SPAL,15,13,-8,11,19
2018,13,Bologna,16,10,-7,11,18
2018,13,Udinese Calcio,17,9,-7,11,18
2018,13,FC Empoli,18,9,-9,12,21
2018,13,Frosinone,19,7,-15,10,25
2018,13,Chievo Verona,20,0,-20,10,30
2018,14,Juventus,1,37,20,28,8
2018,14,SSC Napoli,2,29,13,26,13
2018,14,Inter,3,28,15,25,10
2018,14,Lazio,4,23,4,19,15
2018,14,AC Milan,5,22,5,22,17
2018,14,Parma,6,20,-2,14,16
2018,14,AS Roma,7,19,6,22,16
2018,14,Sassuolo,8,19,2,21,19
2018,14,Atalanta,9,18,8,25,17
2018,14,Fiorentina,10,18,8,18,10
2018,14,Torino,11,18,2,17,15
2018,14,Sampdoria,12,16,1,17,16
2018,14,Cagliari Calcio,13,15,-4,12,16
2018,14,Genoa,14,15,-9,18,27
2018,14,SPAL,15,13,-10,11,21
2018,14,Udinese Calcio,16,12,-6,12,18
2018,14,FC Empoli,17,12,-8,15,23
2018,14,Bologna,18,11,-7,11,18
2018,14,Frosinone,19,7,-18,10,28
2018,14,Chievo Verona,20,1,-20,10,30
2018,15,Juventus,1,40,23,31,8
2018,15,SSC Napoli,2,32,14,28,14
2018,15,Inter,3,29,15,27,12
2018,15,AC Milan,4,25,6,24,18
2018,15,Lazio,5,24,4,20,16
2018,15,Torino,6,21,3,19,16
2018,15,AS Roma,7,20,6,24,18
2018,15,Sassuolo,8,20,2,21,19
2018,15,Parma,9,20,-3,15,18
2018,15,Sampdoria,10,19,4,21,17
2018,15,Atalanta,11,18,7,26,19
2018,15,Fiorentina,12,18,5,18,13
2018,15,Cagliari Calcio,13,16,-4,13,17
2018,15,Genoa,14,15,-10,19,29
2018,15,SPAL,15,14,-10,13,23
2018,15,Udinese Calcio,16,13,-6,12,18
2018,15,FC Empoli,17,13,-8,17,25
2018,15,Bologna,18,11,-10,12,22
2018,15,Frosinone,19,8,-18,11,29
2018,15,Chievo Verona,20,2,-20,11,31
2018,16,Juventus,1,43,24,32,8
2018,16,SSC Napoli,2,35,18,32,14
2018,16,Inter,3,29,14,27,13
2018,16,AC Milan,4,26,6,24,18
2018,16,Lazio,5,25,4,22,18
2018,16,Torino,6,22,3,19,16
2018,16,Atalanta,7,21,9,29,20
2018,16,AS Roma,8,21,6,26,20
2018,16,Sassuolo,9,21,2,24,22
2018,16,Parma,10,21,-3,16,19
2018,16,Sampdoria,11,20,4,23,19
2018,16,Fiorentina,12,19,5,21,16
2018,16,Cagliari Calcio,13,17,-4,15,19
2018,16,FC Empoli,14,16,-7,19,26
2018,16,Genoa,15,16,-10,20,30
2018,16,SPAL,16,15,-10,14,24
2018,16,Udinese Calcio,17,13,-8,13,21
2018,16,Bologna,18,11,-11,13,24
2018,16,Frosinone,19,8,-22,11,33
2018,16,Chievo Verona,20,3,-20,12,32
2018,17,Juventus,1,46,25,33,8
2018,17,SSC Napoli,2,38,19,33,14
2018,17,Inter,3,32,15,28,13
2018,17,AC Milan,4,27,6,24,18
2018,17,Lazio,5,25,3,22,19
2018,17,Atalanta,6,24,10,30,20
2018,17,AS Roma,7,24,7,29,22
2018,17,Sassuolo,8,24,4,26,22
2018,17,Sampdoria,9,23,6,25,19
2018,17,Fiorentina,10,22,7,24,17
2018,17,Torino,11,22,2,19,17
2018,17,Parma,12,21,-5,16,21
2018,17,Cagliari Calcio,13,17,-5,15,20
2018,17,FC Empoli,14,16,-9,20,29
2018,17,SPAL,15,16,-10,14,24
2018,17,Genoa,16,16,-11,22,33
2018,17,Udinese Calcio,17,13,-9,13,22
2018,17,Bologna,18,12,-11,13,24
2018,17,Frosinone,19,8,-24,11,35
2018,17,Chievo Verona,20,4,-20,12,32
2018,18,Juventus,1,49,26,34,8
2018,18,SSC Napoli,2,41,20,34,14
2018,18,Inter,3,33,15,29,14
2018,18,Lazio,4,28,5,25,20
2018,18,AC Milan,5,27,5,24,19
2018,18,Sampdoria,6,26,8,29,21
2018,18,Fiorentina,7,25,8,25,17
2018,18,Sassuolo,8,25,4,27,23
2018,18,Atalanta,9,24,8,31,23
2018,18,AS Roma,10,24,6,29,23
2018,18,Torino,11,23,2,20,18
2018,18,Parma,12,22,-5,16,21
2018,18,Genoa,13,19,-9,25,34
2018,18,Cagliari Calcio,14,17,-7,16,23
2018,18,FC Empoli,15,16,-11,22,33
2018,18,SPAL,16,16,-11,14,25
2018,18,Udinese Calcio,17,14,-9,14,23
2018,18,Bologna,18,13,-11,13,24
2018,18,Frosinone,19,9,-24,12,36
2018,18,Chievo Verona,20,5,-20,13,33
2018,19,Juventus,1,50,26,36,10
2018,19,SSC Napoli,2,41,19,34,15
2018,19,Inter,3,36,16,30,14
2018,19,Lazio,4,31,7,27,20
2018,19,Sampdoria,5,29,10,31,21
2018,19,AC Milan,6,28,5,24,19
2018,19,AS Roma,7,27,8,32,24
2018,19,Torino,8,26,5,23,18
2018,19,Atalanta,9,25,8,33,25
2018,19,Fiorentina,10,25,7,25,18
2018,19,Sassuolo,11,25,2,28,26
2018,19,Parma,12,25,-4,17,21
2018,19,Cagliari Calcio,13,20,-6,17,23
2018,19,Genoa,14,19,-10,25,35
2018,19,SPAL,15,17,-11,14,25
2018,19,FC Empoli,16,16,-14,22,36
2018,19,Udinese Calcio,17,15,-9,14,23
2018,19,Bologna,18,13,-13,13,26
2018,19,Frosinone,19,10,-24,12,36
2018,19,Chievo Verona,20,5,-22,13,35
2018,20,Juventus,1,53,27,38,11
2018,20,SSC Napoli,2,44,20,37,17
2018,20,Inter,3,39,17,31,14
2018,20,Lazio,4,32,7,28,21
2018,20,AC Milan,5,31,6,26,20
2018,20,AS Roma,6,30,10,34,24
2018,20,Sampdoria,7,29,9,32,23
2018,20,Atalanta,8,28,12,39,27
2018,20,Torino,9,27,5,24,19
2018,20,Fiorentina,10,26,7,25,18
2018,20,Sassuolo,11,25,-2,30,32
2018,20,Parma,12,25,-6,17,23
2018,20,Cagliari Calcio,13,20,-8,17,25
2018,20,Genoa,14,20,-10,25,35
2018,20,Udinese Calcio,15,18,-7,16,23
2018,20,SPAL,16,17,-12,15,27
2018,20,FC Empoli,17,16,-15,22,37
2018,20,Bologna,18,13,-14,15,29
2018,20,Frosinone,19,10,-25,12,37
2018,20,Chievo Verona,20,8,-21,14,35
2018,21,Juventus,1,56,30,41,11
2018,21,SSC Napoli,2,47,21,39,18
2018,21,Inter,3,40,17,31,14
2018,21,AC Milan,4,34,8,28,20
2018,21,AS Roma,5,33,11,37,26
2018,21,Lazio,6,32,6,29,23
2018,21,Atalanta,7,31,17,44,27
2018,21,Sampdoria,8,30,9,35,26
2018,21,Parma,9,28,-5,19,24
2018,21,Fiorentina,10,27,7,28,21
2018,21,Torino,11,27,4,26,22
2018,21,Sassuolo,12,26,-2,30,32
2018,21,Cagliari Calcio,13,21,-8,19,27
2018,21,Genoa,14,20,-12,25,37
2018,21,Udinese Calcio,15,18,-8,17,25
2018,21,SPAL,16,18,-12,16,28
2018,21,FC Empoli,17,17,-15,24,39
2018,21,Bologna,18,14,-14,16,30
2018,21,Frosinone,19,10,-30,12,42
2018,21,Chievo Verona,20,8,-24,14,38
2018,22,Juventus,1,59,31,43,12
2018,22,SSC Napoli,2,48,21,39,18
2018,22,Inter,3,40,16,31,15
2018,22,AC Milan,4,35,8,28,20
2018,22,AS Roma,5,34,11,40,29
2018,22,Sampdoria,6,33,13,39,26
2018,22,Atalanta,7,32,17,47,30
2018,22,Lazio,8,32,5,30,25
2018,22,Fiorentina,9,30,8,32,24
2018,22,Torino,10,30,5,27,22
2018,22,Sassuolo,11,29,1,33,32
2018,22,Parma,12,28,-6,21,27
2018,22,Genoa,13,23,-10,28,38
2018,22,Cagliari Calcio,14,21,-11,19,30
2018,22,SPAL,15,21,-11,19,30
2018,22,Udinese Calcio,16,18,-12,17,29
2018,22,FC Empoli,17,17,-17,25,42
2018,22,Bologna,18,14,-18,16,34
2018,22,Frosinone,19,13,-26,16,42
2018,22,Chievo Verona,20,8,-25,17,42
2018,23,Juventus,1,60,31,46,15
2018,23,SSC Napoli,2,51,24,42,18
2018,23,Inter,3,40,15,31,16
2018,23,AC Milan,4,36,8,29,21
2018,23,Atalanta,5,35,18,48,30
2018,23,AS Roma,6,35,11,41,30
2018,23,Lazio,7,35,6,31,25
2018,23,Sampdoria,8,33,10,39,29
2018,23,Fiorentina,9,31,8,33,25
2018,23,Torino,10,31,5,27,22
2018,23,Sassuolo,11,30,1,34,33
2018,23,Parma,12,29,-6,24,30
2018,23,Genoa,13,24,-10,29,39
2018,23,SPAL,14,22,-11,19,30
2018,23,Cagliari Calcio,15,21,-12,19,31
2018,23,Udinese Calcio,16,19,-12,18,30
2018,23,FC Empoli,17,18,-17,27,44
2018,23,Bologna,18,17,-17,17,34
2018,23,Frosinone,19,13,-27,16,43
2018,23,Chievo Verona,20,9,-25,19,44
2018,24,Juventus,1,63,34,49,15
2018,24,SSC Napoli,2,52,24,42,18
2018,24,Inter,3,43,16,32,16
2018,24,AC Milan,4,39,11,32,21
2018,24,Atalanta,5,38,19,50,31
2018,24,AS Roma,6,38,14,44,30
2018,24,Lazio,7,38,7,32,25
2018,24,Torino,8,34,6,28,22
2018,24,Sampdoria,9,33,9,39,30
2018,24,Fiorentina,10,32,8,33,25
2018,24,Sassuolo,11,30,-2,34,36
2018,24,Parma,12,29,-7,24,31
2018,24,Genoa,13,25,-10,30,40
2018,24,SPAL,14,22,-12,20,32
2018,24,Cagliari Calcio,15,21,-15,19,34
2018,24,Udinese Calcio,16,19,-13,18,31
2018,24,Bologna,17,18,-17,18,35
2018,24,FC Empoli,18,18,-18,27,45
2018,24,Frosinone,19,16,-26,17,43
2018,24,Chievo Verona,20,9,-28,19,47
2018,25,Juventus,1,66,37,52,15
2018,25,SSC Napoli,2,53,24,42,18
2018,25,Inter,3,46,17,34,17
2018,25,AC Milan,4,42,13,35,22
2018,25,AS Roma,5,41,15,46,31
2018,25,Atalanta,6,38,17,51,34
2018,25,Lazio,7,38,6,33,27
2018,25,Fiorentina,8,35,11,37,26
2018,25,Torino,9,35,6,28,22
2018,25,Sampdoria,10,33,8,40,32
2018,25,Sassuolo,11,30,-5,34,39
2018,25,Parma,12,29,-8,25,33
2018,25,Genoa,13,28,-9,32,41
2018,25,Cagliari Calcio,14,24,-14,21,35
2018,25,Udinese Calcio,15,22,-12,19,31
2018,25,SPAL,16,22,-15,21,36
2018,25,FC Empoli,17,21,-15,30,45
2018,25,Bologna,18,18,-18,19,37
2018,25,Frosinone,19,16,-29,17,46
2018,25,Chievo Verona,20,9,-29,19,48
2018,26,Juventus,1,69,38,53,15
2018,26,SSC Napoli,2,56,28,46,18
2018,26,Inter,3,47,17,37,20
2018,26,AC Milan,4,45,16,38,22
2018,26,AS Roma,5,44,16,49,33
2018,26,Lazio,6,41,8,35,27
2018,26,Atalanta,7,38,15,51,36
2018,26,Torino,8,38,8,30,22
2018,26,Fiorentina,9,36,11,40,29
2018,26,Sampdoria,10,36,9,41,32
2018,26,Sassuolo,11,31,-5,35,40
2018,26,Genoa,12,29,-9,32,41
2018,26,Parma,13,29,-12,25,37
2018,26,Cagliari Calcio,14,24,-15,21,36
2018,26,SPAL,15,23,-15,22,37
2018,26,Udinese Calcio,16,22,-14,19,33
2018,26,FC Empoli,17,21,-18,30,48
2018,26,Bologna,18,18,-19,19,38
2018,26,Frosinone,19,16,-30,19,49
2018,26,Chievo Verona,20,10,-29,19,48
2018,27,Juventus,1,72,39,55,16
2018,27,SSC Napoli,2,56,27,47,20
2018,27,AC Milan,3,48,17,39,22
2018,27,Inter,4,47,16,38,22
2018,27,AS Roma,5,44,13,49,36
2018,27,Lazio,6,44,11,38,27
2018,27,Atalanta,7,41,17,54,37
2018,27,Torino,8,41,11,33,22
2018,27,Sampdoria,9,39,10,43,33
2018,27,Fiorentina,10,36,9,41,32
2018,27,Sassuolo,11,31,-6,35,41
2018,27,Genoa,12,30,-9,32,41
2018,27,Parma,13,30,-12,28,40
2018,27,Cagliari Calcio,14,27,-14,23,37
2018,27,Udinese Calcio,15,25,-13,21,34
2018,27,SPAL,16,23,-16,23,39
2018,27,FC Empoli,17,22,-18,33,51
2018,27,Bologna,18,18,-20,20,40
2018,27,Frosinone,19,17,-30,19,49
2018,27,Chievo Verona,20,10,-32,19,51
2018,28,Juventus,1,75,42,59,17
2018,28,SSC Napoli,2,57,27,48,21
2018,28,AC Milan,3,51,18,41,23
2018,28,Inter,4,50,18,40,22
2018,28,AS Roma,5,47,14,51,37
2018,28,Lazio,6,45,11,39,28
2018,28,Atalanta,7,44,18,56,38
2018,28,Torino,8,44,12,35,23
2018,28,Sampdoria,9,39,9,44,35
2018,28,Fiorentina,10,37,9,42,33
2018,28,Parma,11,33,-11,29,40
2018,28,Sassuolo,12,32,-6,36,42
2018,28,Genoa,13,30,-10,32,42
2018,28,Cagliari Calcio,14,27,-16,23,39
2018,28,Udinese Calcio,15,25,-16,22,38
2018,28,SPAL,16,23,-18,23,41
2018,28,FC Empoli,17,22,-19,34,53
2018,28,Bologna,18,21,-18,22,40
2018,28,Frosinone,19,17,-31,20,51
2018,28,Chievo Verona,20,10,-33,20,53
2018,29,Juventus,1,75,40,59,19
2018,29,SSC Napoli,2,60,29,52,23
2018,29,Inter,3,53,19,43,24
2018,29,AC Milan,4,51,17,43,26
2018,29,Lazio,5,48,14,43,29
2018,29,AS Roma,6,47,13,52,39
2018,29,Atalanta,7,45,18,57,39
2018,29,Torino,8,44,11,37,26
2018,29,Sampdoria,9,42,11,49,38
2018,29,Fiorentina,10,37,8,43,35
2018,29,Genoa,11,33,-8,34,42
2018,29,Parma,12,33,-14,30,44
2018,29,Sassuolo,13,32,-8,39,47
2018,29,Cagliari Calcio,14,30,-15,25,40
2018,29,SPAL,15,26,-17,25,42
2018,29,FC Empoli,16,25,-18,36,54
2018,29,Udinese Calcio,17,25,-18,24,42
2018,29,Bologna,18,24,-17,25,42
2018,29,Frosinone,19,17,-32,21,53
2018,29,Chievo Verona,20,11,-33,21,54
2018,30,Juventus,1,78,41,60,19
2018,30,SSC Napoli,2,63,32,56,24
2018,30,Inter,3,53,18,43,25
2018,30,AC Milan,4,51,16,43,27
2018,30,Lazio,5,51,15,44,29
2018,30,Atalanta,6,48,20,60,40
2018,30,AS Roma,7,47,10,53,43
2018,30,Sampdoria,8,45,12,50,38
2018,30,Torino,9,45,11,38,27
2018,30,Fiorentina,10,38,8,44,36
2018,30,Genoa,11,33,-10,34,44
2018,30,Cagliari Calcio,12,33,-12,28,40
2018,30,Parma,13,33,-16,31,47
2018,30,Sassuolo,14,32,-9,40,49
2018,30,SPAL,15,29,-16,26,42
2018,30,Udinese Calcio,16,28,-16,26,42
2018,30,Bologna,17,27,-16,27,43
2018,30,FC Empoli,18,25,-19,36,55
2018,30,Frosinone,19,17,-33,21,54
2018,30,Chievo Verona,20,11,-36,21,57
2018,31,Juventus,1,81,43,62,19
2018,31,SSC Napoli,2,63,31,57,26
2018,31,Inter,3,56,22,47,25
2018,31,AC Milan,4,52,16,44,28
2018,31,Atalanta,5,51,23,64,41
2018,31,Lazio,6,51,14,44,30
2018,31,Torino,7,48,12,40,28
2018,31,AS Roma,8,48,10,55,45
2018,31,Sampdoria,9,45,11,51,40
2018,31,Fiorentina,10,39,8,46,38
2018,31,Sassuolo,11,35,-5,44,49
2018,31,Genoa,12,33,-14,34,48
2018,31,Cagliari Calcio,13,33,-14,28,42
2018,31,Parma,14,33,-17,33,50
2018,31,SPAL,15,32,-15,27,42
2018,31,Udinese Calcio,16,29,-16,27,43
2018,31,FC Empoli,17,28,-18,38,56
2018,31,Bologna,18,27,-19,28,47
2018,31,Frosinone,19,20,-32,24,56
2018,31,Chievo Verona,20,11,-40,21,61
2018,32,Juventus,1,84,44,64,20
2018,32,SSC Napoli,2,64,31,58,27
2018,32,Inter,3,57,22,47,25
2018,32,Atalanta,4,52,23,64,41
2018,32,AC Milan,5,52,15,45,30
2018,32,Lazio,6,52,14,46,32
2018,32,AS Roma,7,51,11,56,45
2018,32,Torino,8,49,12,40,28
2018,32,Sampdoria,9,45,10,51,41
2018,32,Fiorentina,10,39,7,46,39
2018,32,Sassuolo,11,36,-5,46,51
2018,32,Cagliari Calcio,12,36,-13,30,43
2018,32,Genoa,13,34,-14,35,49
2018,32,Parma,14,34,-17,33,50
2018,32,Udinese Calcio,15,32,-15,30,45
2018,32,SPAL,16,32,-16,28,44
2018,32,Bologna,17,30,-16,31,47
2018,32,FC Empoli,18,28,-19,40,59
2018,32,Frosinone,19,23,-31,25,56
2018,32,Chievo Verona,20,11,-43,21,64
2018,33,Juventus,1,84,43,65,22
2018,33,SSC Napoli,2,67,33,61,28
2018,33,Inter,3,60,24,50,26
2018,33,AC Milan,4,55,16,46,30
2018,33,AS Roma,5,54,12,57,45
2018,33,Atalanta,6,53,23,64,41
2018,33,Lazio,7,52,13,46,33
2018,33,Torino,8,50,12,41,29
2018,33,Sampdoria,9,48,12,53,41
2018,33,Fiorentina,10,40,7,46,39
2018,33,Sassuolo,11,37,-5,46,51
2018,33,Cagliari Calcio,12,37,-13,31,44
2018,33,SPAL,13,35,-15,30,45
2018,33,Parma,14,35,-17,33,50
2018,33,Genoa,15,34,-16,35,51
2018,33,Udinese Calcio,16,32,-16,30,46
2018,33,Bologna,17,31,-16,31,47
2018,33,FC Empoli,18,29,-19,40,59
2018,33,Frosinone,19,23,-33,26,59
2018,33,Chievo Verona,20,11,-45,22,67
2018,34,Juventus,1,87,44,67,23
2018,34,SSC Napoli,2,67,32,62,30
2018,34,Inter,3,61,24,51,27
2018,34,Atalanta,4,56,24,66,42
2018,34,AC Milan,5,56,16,47,31
2018,34,AS Roma,6,55,12,58,46
2018,34,Torino,7,53,13,42,29
2018,34,Lazio,8,52,12,47,35
2018,34,Sampdoria,9,48,9,53,44
2018,34,Fiorentina,10,40,6,47,41
2018,34,Cagliari Calcio,11,40,-12,32,44
2018,34,Sassuolo,12,38,-5,47,52
2018,34,SPAL,13,38,-13,34,47
2018,34,Parma,14,36,-17,34,51
2018,34,Bologna,15,34,-13,34,47
2018,34,Genoa,16,34,-17,35,52
2018,34,Udinese Calcio,17,33,-16,31,47
2018,34,FC Empoli,18,29,-21,42,63
2018,34,Frosinone,19,23,-34,26,60
2018,34,Chievo Verona,20,14,-44,24,68
2018,35,Juventus,1,88,44,68,24
2018,35,SSC Napoli,2,70,34,64,30
2018,35,Inter,3,62,24,52,28
2018,35,Atalanta,4,59,26,68,42
2018,35,AS Roma,5,58,15,61,46
2018,35,Torino,6,56,15,44,29
2018,35,AC Milan,7,56,14,47,33
2018,35,Lazio,8,55,13,49,36
2018,35,Sampdoria,9,48,8,54,46
2018,35,Sassuolo,10,41,-4,48,52
2018,35,Fiorentina,11,40,5,47,42
2018,35,Cagliari Calcio,12,40,-15,32,47
2018,35,SPAL,13,39,-13,35,48
2018,35,Bologna,14,37,-11,37,48
2018,35,Parma,15,37,-17,35,52
2018,35,Genoa,16,35,-17,36,53
2018,35,Udinese Calcio,17,33,-18,31,49
2018,35,FC Empoli,18,29,-23,43,66
2018,35,Frosinone,19,23,-36,26,62
2018,35,Chievo Verona,20,15,-44,25,69
2018,36,Juventus,1,89,44,69,25
2018,36,SSC Napoli,2,73,35,66,31
2018,36,Inter,3,63,24,52,28
2018,36,Atalanta,4,62,28,71,43
2018,36,AS Roma,5,59,15,62,47
2018,36,AC Milan,6,59,15,49,34
2018,36,Torino,7,57,15,45,30
2018,36,Lazio,8,55,11,50,39
2018,36,Sampdoria,9,49,8,57,49
2018,36,Sassuolo,10,42,-4,50,54
2018,36,SPAL,11,42,-9,39,48
2018,36,Fiorentina,12,40,4,47,43
2018,36,Cagliari Calcio,13,40,-16,33,49
2018,36,Parma,14,38,-17,38,55
2018,36,Bologna,15,37,-12,38,50
2018,36,Genoa,16,36,-17,37,54
2018,36,Udinese Calcio,17,34,-18,31,49
2018,36,FC Empoli,18,32,-22,44,66
2018,36,Frosinone,19,24,-36,28,64
2018,36,Chievo Verona,20,15,-48,25,73
2018,37,Juventus,1,89,42,69,27
2018,37,SSC Napoli,2,76,36,68,32
2018,37,Inter,3,66,26,54,28
2018,37,Atalanta,4,65,29,73,44
2018,37,AS Roma,5,62,17,64,47
2018,37,AC Milan,6,62,16,50,34
2018,37,Torino,7,60,16,48,32
2018,37,Lazio,8,58,12,52,40
2018,37,Sampdoria,9,49,7,58,51
2018,37,Sassuolo,10,42,-5,52,57
2018,37,SPAL,11,42,-10,40,50
2018,37,Fiorentina,12,40,3,47,44
2018,37,Bologna,13,40,-9,42,51
2018,37,Cagliari Calcio,14,40,-17,34,51
2018,37,Parma,15,38,-20,39,59
2018,37,Udinese Calcio,16,37,-16,34,50
2018,37,Genoa,17,36,-18,38,56
2018,37,FC Empoli,18,35,-21,46,67
2018,37,Frosinone,19,24,-38,29,67
2018,37,Chievo Verona,20,15,-50,25,75
2018,38,Juventus,1,90,42,70,28
2018,38,SSC Napoli,2,79,39,72,33
2018,38,Atalanta,3,66,29,74,45
2018,38,Inter,4,66,23,55,32
2018,38,AC Milan,5,65,18,52,34
2018,38,AS Roma,6,63,17,64,47
2018,38,Torino,7,60,13,49,36
2018,38,Lazio,8,59,12,55,43
2018,38,Sampdoria,9,50,7,58,51
2018,38,Sassuolo,10,43,-5,52,57
2018,38,SPAL,11,42,-11,42,53
2018,38,Bologna,12,41,-9,45,54
2018,38,Cagliari Calcio,13,41,-17,35,52
2018,38,Parma,14,41,-19,40,59
2018,38,Fiorentina,15,40,2,47,45
2018,38,Udinese Calcio,16,40,-15,37,52
2018,38,FC Empoli,17,38,-18,50,68
2018,38,Genoa,18,37,-18,39,57
2018,38,Frosinone,19,24,-40,29,69
2018,38,Chievo Verona,20,16,-50,25,75
2018,39,Juventus,1,90,40,70,30
2018,39,SSC Napoli,2,79,38,74,36
2018,39,Atalanta,3,69,31,77,46
2018,39,Inter,4,69,24,57,33
2018,39,AC Milan,5,68,19,55,36
2018,39,AS Roma,6,66,18,66,48
2018,39,Torino,7,63,15,52,37
2018,39,Lazio,8,59,10,56,46
2018,39,Sampdoria,9,53,9,60,51
2018,39,Bologna,10,44,-8,48,56
2018,39,Sassuolo,11,43,-7,53,60
2018,39,Udinese Calcio,12,43,-14,39,53
2018,39,SPAL,13,42,-12,44,56
2018,39,Fiorentina,14,41,2,47,45
2018,39,Cagliari Calcio,15,41,-18,36,54
2018,39,Parma,16,41,-20,41,61
2018,39,Genoa,17,38,-18,39,57
2018,39,FC Empoli,18,38,-19,51,70
2018,39,Frosinone,19,25,-40,29,69
2018,39,Chievo Verona,20,17,-50,25,75
